<?xml version="1.0" encoding="utf-8"?>
<COLLADA xmlns="http://www.collada.org/2005/11/COLLADASchema" version="1.4.1">
  <asset>
    <contributor>
      <author>Mixamo</author>
      <authoring_tool>COLLADA Mixamo exporter</authoring_tool>
      <comments/>
    </contributor>
    <created>2019-05-21T22:13:09Z</created>
    <modified>2019-05-21T22:13:09Z</modified>
    <revision/>
    <title/>
    <unit meter="0.010000"/>
    <up_axis>Y_UP</up_axis>
  </asset>
  <library_animations>
    <animation>
      <source id="mixamorig_Hips-Matrix-animation-input">
        <float_array id="mixamorig_Hips-Matrix-animation-input-array" count="138">

0.000000 0.033333 0.066667 0.100000 0.133333 0.166667 0.200000 0.233333 0.266667 0.300000 0.333333 0.366667 0.400000 0.433333 0.466667 0.500000
0.533333 0.566667 0.600000 0.633333 0.666667 0.700000 0.733333 0.766667 0.800000 0.833333 0.866667 0.900000 0.933333 0.966667 1.000000 1.033333
1.066667 1.100000 1.133333 1.166667 1.200000 1.233333 1.266667 1.300000 1.333333 1.366667 1.400000 1.433333 1.466667 1.500000 1.533333 1.566667
1.600000 1.633333 1.666667 1.700000 1.733333 1.766667 1.800000 1.833333 1.866667 1.900000 1.933333 1.966667 2.000000 2.033333 2.066667 2.100000
2.133333 2.166667 2.200000 2.233333 2.266667 2.300000 2.333333 2.366667 2.400000 2.433333 2.466667 2.500000 2.533333 2.566667 2.600000 2.633333
2.666667 2.700000 2.733333 2.766667 2.800000 2.833333 2.866667 2.900000 2.933333 2.966667 3.000000 3.033333 3.066667 3.100000 3.133333 3.166667
3.200000 3.233333 3.266667 3.300000 3.333333 3.366667 3.400000 3.433333 3.466667 3.500000 3.533333 3.566667 3.600000 3.633333 3.666667 3.700000
3.733333 3.766667 3.800000 3.833333 3.866667 3.900000 3.933333 3.966667 4.000000 4.033333 4.066667 4.100000 4.133333 4.166667 4.200000 4.233333
4.266667 4.300000 4.333333 4.366667 4.400000 4.433333 4.466667 4.500000 4.533333 4.566667</float_array>
        <technique_common>
          <accessor source="#mixamorig_Hips-Matrix-animation-input-array" count="138">
            <param name="TIME" type="float"/>
          </accessor>
        </technique_common>
      </source>
      <source id="mixamorig_Hips-Matrix-animation-output-transform">
        <float_array id="mixamorig_Hips-Matrix-animation-output-transform-array" count="2208">

0.879611 -0.279421 -0.384978 -0.000078 0.473707 0.440640 0.762521 0.318148 -0.043427 -0.853089 0.519955 0.030646 0.000000 0.000000 0.000000 1.000000
0.816756 -0.360769 -0.450284 0.023463 0.576326 0.472857 0.666524 0.339488 -0.027541 -0.803898 0.594130 0.008142 0.000000 0.000000 0.000000 1.000000
0.736148 -0.453847 -0.502105 0.049318 0.676737 0.481922 0.556577 0.362969 -0.010625 -0.749516 0.661901 -0.019460 0.000000 0.000000 0.000000 1.000000
0.647392 -0.539978 -0.537874 0.070457 0.761811 0.479734 0.435315 0.380643 0.022975 -0.691578 0.721937 -0.042453 0.000000 0.000000 0.000000 1.000000
0.562264 -0.616521 -0.551145 0.086010 0.823980 0.474182 0.310173 0.400028 0.070115 -0.628532 0.774617 -0.067438 0.000000 0.000000 0.000000 1.000000
0.509345 -0.668203 -0.542284 0.093535 0.849198 0.492339 0.190957 0.422089 0.139390 -0.557769 0.818208 -0.096005 0.000000 0.000000 0.000000 1.000000
0.502841 -0.689366 -0.521465 0.092190 0.833023 0.547498 0.079490 0.445339 0.230704 -0.474363 0.849562 -0.127802 0.000000 0.000000 0.000000 1.000000
0.525276 -0.688965 -0.499413 0.085182 0.784169 0.619808 -0.030278 0.469034 0.330400 -0.375720 0.865835 -0.161064 0.000000 0.000000 0.000000 1.000000
0.552221 -0.679055 -0.483669 0.076094 0.717318 0.682651 -0.139434 0.490721 0.424861 -0.269946 0.864073 -0.190149 0.000000 0.000000 0.000000 1.000000
0.580105 -0.659983 -0.477390 0.077461 0.635277 0.733404 -0.241955 0.504058 0.509805 -0.162916 0.844723 -0.217198 0.000000 0.000000 0.000000 1.000000
0.598818 -0.635703 -0.487133 0.084167 0.541139 0.769553 -0.339052 0.514237 0.590411 -0.060577 0.804826 -0.252089 0.000000 0.000000 0.000000 1.000000
0.616153 -0.599139 -0.511260 0.086001 0.425469 0.799447 -0.424100 0.528541 0.662820 0.043785 0.747497 -0.297028 0.000000 0.000000 0.000000 1.000000
0.639527 -0.549017 -0.538131 0.078075 0.296435 0.821968 -0.486307 0.538657 0.709317 0.151486 0.688419 -0.332083 0.000000 0.000000 0.000000 1.000000
0.661210 -0.481517 -0.575277 0.070456 0.153505 0.837445 -0.524521 0.543498 0.734328 0.258511 0.627642 -0.352307 0.000000 0.000000 0.000000 1.000000
0.676924 -0.379940 -0.630412 0.073865 -0.018928 0.847208 -0.530924 0.539700 0.735809 0.371328 0.566304 -0.360691 0.000000 0.000000 0.000000 1.000000
0.656903 -0.250805 -0.711038 0.065476 -0.217020 0.840246 -0.496879 0.531404 0.722067 0.480711 0.497531 -0.371499 0.000000 0.000000 0.000000 1.000000
0.583449 -0.113712 -0.804150 0.043400 -0.414558 0.809741 -0.415285 0.521110 0.698376 0.575664 0.425302 -0.391841 0.000000 0.000000 0.000000 1.000000
0.472163 0.013629 -0.881406 0.016414 -0.571594 0.765921 -0.294355 0.510578 0.671076 0.642790 0.369430 -0.410229 0.000000 0.000000 0.000000 1.000000
0.361744 0.137987 -0.922009 -0.001592 -0.680570 0.714997 -0.160011 0.499495 0.637155 0.685375 0.352555 -0.421506 0.000000 0.000000 0.000000 1.000000
0.264984 0.260618 -0.928365 -0.018136 -0.747368 0.663863 -0.026957 0.496531 0.609282 0.700974 0.370691 -0.423646 0.000000 0.000000 0.000000 1.000000
0.191916 0.376753 -0.906215 -0.040474 -0.787264 0.610439 0.087061 0.498780 0.585990 0.696722 0.413757 -0.416345 0.000000 0.000000 0.000000 1.000000
0.158255 0.467225 -0.869860 -0.070159 -0.809358 0.566006 0.156769 0.497191 0.565592 0.679218 0.467726 -0.408021 0.000000 0.000000 0.000000 1.000000
0.171827 0.522062 -0.835420 -0.106351 -0.821420 0.544070 0.171046 0.485873 0.543823 0.656841 0.522318 -0.405593 0.000000 0.000000 0.000000 1.000000
0.228192 0.557031 -0.798527 -0.139843 -0.824153 0.547177 0.146181 0.470508 0.518363 0.624751 0.583940 -0.405025 0.000000 0.000000 0.000000 1.000000
0.300638 0.595790 -0.744749 -0.164275 -0.822788 0.556922 0.113390 0.458525 0.482324 0.578682 0.657641 -0.404476 0.000000 0.000000 0.000000 1.000000
0.355278 0.639508 -0.681768 -0.178025 -0.830548 0.550624 0.083684 0.455797 0.428915 0.536509 0.726767 -0.403181 0.000000 0.000000 0.000000 1.000000
0.381958 0.677673 -0.628384 -0.184590 -0.851061 0.522986 0.046698 0.463894 0.360282 0.516957 0.776500 -0.402383 0.000000 0.000000 0.000000 1.000000
0.408138 0.707873 -0.576488 -0.194158 -0.866369 0.499404 -0.000144 0.482136 0.287799 0.499510 0.817106 -0.406365 0.000000 0.000000 0.000000 1.000000
0.459902 0.734803 -0.498552 -0.215121 -0.864189 0.499449 -0.061067 0.509269 0.204129 0.458928 0.864706 -0.411600 0.000000 0.000000 0.000000 1.000000
0.524321 0.756466 -0.390956 -0.240527 -0.847914 0.506032 -0.158031 0.545484 0.078292 0.414356 0.906741 -0.414617 0.000000 0.000000 0.000000 1.000000
0.594031 0.757863 -0.269760 -0.267386 -0.798525 0.514921 -0.311791 0.590916 -0.097390 0.400624 0.911052 -0.414832 0.000000 0.000000 0.000000 1.000000
0.665856 0.734212 -0.132545 -0.297115 -0.688034 0.535582 -0.489655 0.642808 -0.288522 0.417235 0.861783 -0.409198 0.000000 0.000000 0.000000 1.000000
0.718088 0.694845 0.039234 -0.332903 -0.518751 0.571982 -0.635401 0.698538 -0.463946 0.435921 0.771185 -0.393831 0.000000 0.000000 0.000000 1.000000
0.718667 0.646758 0.255386 -0.381998 -0.298953 0.618981 -0.726285 0.748650 -0.627810 0.445608 0.638192 -0.364247 0.000000 0.000000 0.000000 1.000000
0.633042 0.589926 0.501243 -0.447739 -0.032334 0.667088 -0.744277 0.778852 -0.773442 0.454952 0.441369 -0.318911 0.000000 0.000000 0.000000 1.000000
0.445641 0.518821 0.729540 -0.514847 0.257797 0.706039 -0.659583 0.780853 -0.857289 0.482011 0.180889 -0.257430 0.000000 0.000000 0.000000 1.000000
0.187188 0.444756 0.875873 -0.567626 0.514537 0.715140 -0.473103 0.759167 -0.836787 0.539228 -0.094978 -0.188726 0.000000 0.000000 0.000000 1.000000
-0.080640 0.387798 0.918210 -0.602207 0.691884 0.684899 -0.228497 0.718294 -0.717492 0.616868 -0.323541 -0.125466 0.000000 0.000000 0.000000 1.000000
-0.323689 0.356605 0.876389 -0.620112 0.776743 0.629058 0.030920 0.667974 -0.540274 0.690738 -0.480610 -0.074421 0.000000 0.000000 0.000000 1.000000
-0.530880 0.352067 0.770854 -0.624407 0.775930 0.567669 0.275108 0.617357 -0.340733 0.744178 -0.574543 -0.036936 0.000000 0.000000 0.000000 1.000000
-0.676489 0.373354 0.634798 -0.618480 0.721187 0.510439 0.468339 0.570966 -0.149169 0.774635 -0.614565 -0.012814 0.000000 0.000000 0.000000 1.000000
-0.752228 0.410406 0.515481 -0.606109 0.658901 0.466672 0.589972 0.528394 0.001568 0.783444 -0.621460 -0.002263 0.000000 0.000000 0.000000 1.000000
-0.788358 0.450849 0.418601 -0.587638 0.605188 0.445956 0.659447 0.494659 0.110633 0.773213 -0.624421 0.003521 0.000000 0.000000 0.000000 1.000000
-0.811105 0.493143 0.314514 -0.560706 0.545500 0.443774 0.710981 0.471133 0.211042 0.748248 -0.628957 0.010050 0.000000 0.000000 0.000000 1.000000
-0.820588 0.535715 0.199110 -0.527691 0.475278 0.446167 0.758317 0.450833 0.317406 0.716899 -0.620733 0.011298 0.000000 0.000000 0.000000 1.000000
-0.816275 0.570436 0.091097 -0.495272 0.402998 0.449352 0.797292 0.426633 0.413869 0.687522 -0.596679 -0.000303 0.000000 0.000000 0.000000 1.000000
-0.804959 0.593270 -0.008409 -0.466845 0.331024 0.460810 0.823454 0.401342 0.492406 0.660064 -0.567320 -0.019623 0.000000 0.000000 0.000000 1.000000
-0.790545 0.604032 -0.100914 -0.444032 0.259793 0.480001 0.837918 0.376945 0.554568 0.636195 -0.536386 -0.042433 0.000000 0.000000 0.000000 1.000000
-0.777574 0.604397 -0.173442 -0.428281 0.192300 0.491195 0.849558 0.353602 0.598664 0.627241 -0.498166 -0.067293 0.000000 0.000000 0.000000 1.000000
-0.771960 0.597657 -0.216526 -0.418489 0.130643 0.482520 0.866087 0.333670 0.622101 0.640297 -0.450566 -0.092713 0.000000 0.000000 0.000000 1.000000
-0.770500 0.593009 -0.233817 -0.409599 0.084673 0.458770 0.884511 0.317524 0.631792 0.661718 -0.403695 -0.117850 0.000000 0.000000 0.000000 1.000000
-0.759274 0.601613 -0.248122 -0.393481 0.053561 0.437752 0.897499 0.306006 0.648563 0.668158 -0.364597 -0.145670 0.000000 0.000000 0.000000 1.000000
-0.723250 0.621810 -0.300437 -0.365233 0.000488 0.435506 0.900186 0.305194 0.690587 0.650912 -0.315283 -0.179389 0.000000 0.000000 0.000000 1.000000
-0.650854 0.637296 -0.412604 -0.331272 -0.112970 0.456123 0.882717 0.318326 0.750751 0.621132 -0.224874 -0.219248 0.000000 0.000000 0.000000 1.000000
-0.529226 0.636272 -0.561318 -0.303501 -0.280848 0.492903 0.823512 0.349724 0.800652 0.593469 -0.082161 -0.262426 0.000000 0.000000 0.000000 1.000000
-0.351142 0.630521 -0.692201 -0.286203 -0.446193 0.537256 0.715729 0.394865 0.823171 0.560178 0.092681 -0.308334 0.000000 0.000000 0.000000 1.000000
-0.124728 0.630100 -0.766431 -0.278796 -0.573811 0.584370 0.573805 0.447145 0.809434 0.511357 0.288671 -0.352503 0.000000 0.000000 0.000000 1.000000
0.145815 0.627332 -0.764978 -0.280416 -0.664005 0.635261 0.394387 0.497687 0.733373 0.450442 0.509183 -0.395017 0.000000 0.000000 0.000000 1.000000
0.434597 0.611273 -0.661416 -0.294028 -0.713030 0.682174 0.161946 0.544676 0.550194 0.401228 0.732327 -0.435613 0.000000 0.000000 0.000000 1.000000
0.670860 0.590424 -0.448716 -0.323215 -0.695060 0.711551 -0.102895 0.586025 0.258532 0.380913 0.887731 -0.465504 0.000000 0.000000 0.000000 1.000000
0.799532 0.572861 -0.180495 -0.366796 -0.596720 0.723417 -0.347265 0.614119 -0.068361 0.385355 0.920233 -0.475615 0.000000 0.000000 0.000000 1.000000
0.826730 0.556073 0.085439 -0.416298 -0.435571 0.728761 -0.528380 0.627865 -0.356082 0.399613 0.844698 -0.463068 0.000000 0.000000 0.000000 1.000000
0.774549 0.546351 0.318707 -0.461083 -0.252655 0.729174 -0.635980 0.627642 -0.579862 0.412075 0.702819 -0.433373 0.000000 0.000000 0.000000 1.000000
0.673065 0.560565 0.482443 -0.491131 -0.100399 0.715531 -0.691328 0.619731 -0.732737 0.416872 0.537879 -0.398598 0.000000 0.000000 0.000000 1.000000
0.572702 0.597649 0.561096 -0.503170 -0.010369 0.689687 -0.724034 0.612127 -0.819698 0.408838 0.401182 -0.370236 0.000000 0.000000 0.000000 1.000000
0.502348 0.636238 0.585532 -0.502304 0.025611 0.665932 -0.745573 0.610143 -0.864286 0.389533 0.318235 -0.351127 0.000000 0.000000 0.000000 1.000000
0.459428 0.666080 0.587591 -0.494123 0.034579 0.647627 -0.761173 0.615666 -0.887541 0.370023 0.274506 -0.339971 0.000000 0.000000 0.000000 1.000000
0.449920 0.690536 0.566332 -0.484456 0.028758 0.622611 -0.782003 0.628885 -0.892606 0.368126 0.260266 -0.334766 0.000000 0.000000 0.000000 1.000000
0.481222 0.708451 0.516259 -0.474862 -0.002488 0.590035 -0.807374 0.650327 -0.876595 0.387242 0.285701 -0.334873 0.000000 0.000000 0.000000 1.000000
0.533513 0.711073 0.457972 -0.463375 -0.062892 0.573325 -0.816911 0.678954 -0.843450 0.407030 0.350597 -0.338719 0.000000 0.000000 0.000000 1.000000
0.578660 0.698545 0.420936 -0.451269 -0.134165 0.590629 -0.795712 0.708317 -0.804457 0.403972 0.435494 -0.341879 0.000000 0.000000 0.000000 1.000000
0.606224 0.686942 0.400753 -0.440563 -0.204564 0.621638 -0.756121 0.730484 -0.768534 0.376399 0.517376 -0.342929 0.000000 0.000000 0.000000 1.000000
0.631903 0.685239 0.362142 -0.433948 -0.269950 0.632582 -0.725925 0.742029 -0.726516 0.360954 0.584711 -0.343145 0.000000 0.000000 0.000000 1.000000
0.665867 0.684182 0.297515 -0.429180 -0.318242 0.621147 -0.716169 0.745529 -0.674791 0.382192 0.631337 -0.342437 0.000000 0.000000 0.000000 1.000000
0.701473 0.669407 0.244602 -0.426134 -0.332851 0.611188 -0.718095 0.742863 -0.630195 0.422308 0.651544 -0.341284 0.000000 0.000000 0.000000 1.000000
0.737339 0.631654 0.239468 -0.427693 -0.298379 0.622570 -0.723448 0.734797 -0.606054 0.461974 0.647517 -0.341112 0.000000 0.000000 0.000000 1.000000
0.764354 0.579288 0.283175 -0.432944 -0.218176 0.645619 -0.731830 0.723128 -0.606764 0.497595 0.619868 -0.339746 0.000000 0.000000 0.000000 1.000000
0.769230 0.529175 0.358133 -0.439635 -0.105457 0.657936 -0.745654 0.711089 -0.630210 0.535811 0.561909 -0.334296 0.000000 0.000000 0.000000 1.000000
0.745620 0.492588 0.448784 -0.446812 0.027789 0.649905 -0.759507 0.701271 -0.665791 0.578775 0.470894 -0.325863 0.000000 0.000000 0.000000 1.000000
0.698653 0.469874 0.539539 -0.453935 0.166536 0.626599 -0.761341 0.694490 -0.695809 0.621765 0.359524 -0.317883 0.000000 0.000000 0.000000 1.000000
0.643425 0.456377 0.614593 -0.460156 0.290035 0.597664 -0.747448 0.689310 -0.708438 0.659179 0.252186 -0.312920 0.000000 0.000000 0.000000 1.000000
0.592558 0.450630 0.667688 -0.464803 0.385004 0.569641 -0.726141 0.684243 -0.707563 0.687344 0.164051 -0.311298 0.000000 0.000000 0.000000 1.000000
0.547144 0.452872 0.703947 -0.468482 0.456135 0.543839 -0.704400 0.679029 -0.701837 0.706503 0.090987 -0.313853 0.000000 0.000000 0.000000 1.000000
0.505872 0.462809 0.727943 -0.469669 0.505795 0.524450 -0.684926 0.676900 -0.698760 0.714675 0.031218 -0.319872 0.000000 0.000000 0.000000 1.000000
0.488280 0.472220 0.733887 -0.469710 0.520532 0.517381 -0.679237 0.680119 -0.700449 0.713670 0.006821 -0.329874 0.000000 0.000000 0.000000 1.000000
0.517882 0.480451 0.707789 -0.468498 0.468085 0.533383 -0.704556 0.690823 -0.716027 0.696182 0.051337 -0.348061 0.000000 0.000000 0.000000 1.000000
0.599010 0.495047 0.629377 -0.464991 0.321204 0.571433 -0.755177 0.707633 -0.733495 0.654517 0.183283 -0.377177 0.000000 0.000000 0.000000 1.000000
0.697958 0.526726 0.485196 -0.456596 0.082188 0.614124 -0.784918 0.724018 -0.711407 0.587718 0.385342 -0.413082 0.000000 0.000000 0.000000 1.000000
0.764729 0.575711 0.289390 -0.443870 -0.202436 0.641038 -0.740331 0.731847 -0.611727 0.507570 0.606765 -0.449768 0.000000 0.000000 0.000000 1.000000
0.773152 0.629454 0.077608 -0.430482 -0.466228 0.647046 -0.603293 0.728136 -0.429962 0.430254 0.793735 -0.480160 0.000000 0.000000 0.000000 1.000000
0.735702 0.667073 -0.117284 -0.418816 -0.649397 0.645537 -0.401952 0.711851 -0.192420 0.371881 0.908119 -0.504258 0.000000 0.000000 0.000000 1.000000
0.677040 0.683121 -0.273792 -0.407279 -0.734444 0.650920 -0.192083 0.694172 0.047000 0.331133 0.942413 -0.511971 0.000000 0.000000 0.000000 1.000000
0.612452 0.699029 -0.369136 -0.395850 -0.755231 0.655348 -0.012015 0.680063 0.233514 0.286142 0.929298 -0.512850 0.000000 0.000000 0.000000 1.000000
0.551289 0.734317 -0.396054 -0.386164 -0.751263 0.643386 0.147169 0.665117 0.362884 0.216408 0.906357 -0.516528 0.000000 0.000000 0.000000 1.000000
0.495512 0.782415 -0.377219 -0.384389 -0.729958 0.610480 0.307368 0.644765 0.470774 0.123050 0.873631 -0.516453 0.000000 0.000000 0.000000 1.000000
0.455206 0.821218 -0.344075 -0.389786 -0.677192 0.570216 0.465043 0.614902 0.578099 0.021314 0.815688 -0.503775 0.000000 0.000000 0.000000 1.000000
0.452163 0.835126 -0.313229 -0.389960 -0.588845 0.543271 0.598430 0.583382 0.669932 -0.086145 0.737407 -0.479592 0.000000 0.000000 0.000000 1.000000
0.492002 0.820660 -0.290606 -0.368787 -0.488515 0.536539 0.688099 0.547462 0.720616 -0.196580 0.664882 -0.443299 0.000000 0.000000 0.000000 1.000000
0.551311 0.784516 -0.283886 -0.345241 -0.411382 0.551650 0.725567 0.522020 0.725824 -0.283228 0.626867 -0.412820 0.000000 0.000000 0.000000 1.000000
0.595173 0.750412 -0.287490 -0.334054 -0.383020 0.579406 0.719434 0.494332 0.706445 -0.318073 0.632270 -0.388209 0.000000 0.000000 0.000000 1.000000
0.644071 0.711502 -0.280959 -0.318918 -0.362660 0.607389 0.706793 0.464265 0.673536 -0.353332 0.649235 -0.367299 0.000000 0.000000 0.000000 1.000000
0.705794 0.665621 -0.242496 -0.299938 -0.319175 0.604378 0.729969 0.429116 0.632442 -0.437809 0.639015 -0.351665 0.000000 0.000000 0.000000 1.000000
0.768478 0.612552 -0.184991 -0.282080 -0.253375 0.556777 0.791075 0.390691 0.587573 -0.561052 0.583077 -0.338159 0.000000 0.000000 0.000000 1.000000
0.818465 0.556030 -0.144729 -0.267640 -0.190975 0.500849 0.844203 0.354794 0.541890 -0.663311 0.516115 -0.322347 0.000000 0.000000 0.000000 1.000000
0.855633 0.493805 -0.155078 -0.253417 -0.118050 0.477909 0.870441 0.326581 0.503941 -0.726471 0.467208 -0.299350 0.000000 0.000000 0.000000 1.000000
0.874867 0.421427 -0.238762 -0.231051 0.025514 0.452161 0.891571 0.311026 0.483691 -0.786098 0.384828 -0.269210 0.000000 0.000000 0.000000 1.000000
0.857950 0.344585 -0.381029 -0.200606 0.250794 0.366370 0.896033 0.313922 0.448358 -0.864311 0.227907 -0.235633 0.000000 0.000000 0.000000 1.000000
0.811928 0.287636 -0.507974 -0.169316 0.452445 0.239789 0.858950 0.338983 0.368871 -0.927236 0.064552 -0.209155 0.000000 0.000000 0.000000 1.000000
0.790924 0.261764 -0.553100 -0.146353 0.532227 0.151745 0.832891 0.376260 0.301951 -0.953128 -0.019299 -0.196124 0.000000 0.000000 0.000000 1.000000
0.814425 0.246067 -0.525511 -0.132356 0.508464 0.133747 0.850632 0.410153 0.279598 -0.959981 -0.016189 -0.189124 0.000000 0.000000 0.000000 1.000000
0.856420 0.213209 -0.470199 -0.124320 0.445391 0.155476 0.881734 0.432171 0.261098 -0.964557 0.038191 -0.186449 0.000000 0.000000 0.000000 1.000000
0.896649 0.174302 -0.406988 -0.119660 0.373348 0.196419 0.906659 0.441434 0.237973 -0.964903 0.111044 -0.188743 0.000000 0.000000 0.000000 1.000000
0.928969 0.144804 -0.340659 -0.112468 0.298301 0.252038 0.920594 0.443216 0.219165 -0.956822 0.190941 -0.195352 0.000000 0.000000 0.000000 1.000000
0.950494 0.114253 -0.288975 -0.105392 0.239023 0.325427 0.914858 0.437655 0.198566 -0.938639 0.282008 -0.203648 0.000000 0.000000 0.000000 1.000000
0.959617 0.100163 -0.262875 -0.094788 0.198145 0.422657 0.884364 0.420110 0.199686 -0.900738 0.385742 -0.207558 0.000000 0.000000 0.000000 1.000000
0.964198 0.119593 -0.236683 -0.085264 0.143484 0.515315 0.844904 0.386537 0.223011 -0.848615 0.479706 -0.204309 0.000000 0.000000 0.000000 1.000000
0.972441 0.169672 -0.159905 -0.083963 0.039682 0.555395 0.830639 0.342171 0.229747 -0.814093 0.533356 -0.193641 0.000000 0.000000 0.000000 1.000000
0.975501 0.218972 -0.021180 -0.095594 -0.100434 0.528934 0.842699 0.301799 0.195731 -0.819927 0.537968 -0.176233 0.000000 0.000000 0.000000 1.000000
0.960636 0.242332 0.135843 -0.114438 -0.239391 0.473966 0.847377 0.282366 0.140961 -0.846541 0.513321 -0.154606 0.000000 0.000000 0.000000 1.000000
0.934808 0.243537 0.258504 -0.128784 -0.343649 0.436484 0.831497 0.288129 0.089667 -0.866124 0.491720 -0.134369 0.000000 0.000000 0.000000 1.000000
0.916116 0.236385 0.323811 -0.132864 -0.397099 0.423863 0.814035 0.308144 0.055174 -0.874335 0.482176 -0.118669 0.000000 0.000000 0.000000 1.000000
0.912196 0.225431 0.342167 -0.129632 -0.407809 0.418214 0.811658 0.329999 0.039874 -0.879930 0.473427 -0.107237 0.000000 0.000000 0.000000 1.000000
0.917316 0.212056 0.336991 -0.122749 -0.396581 0.411320 0.820695 0.348852 0.035422 -0.886481 0.461407 -0.095632 0.000000 0.000000 0.000000 1.000000
0.925331 0.196922 0.324013 -0.112539 -0.377871 0.408542 0.830847 0.363775 0.031240 -0.891244 0.452447 -0.082193 0.000000 0.000000 0.000000 1.000000
0.935659 0.181851 0.302444 -0.097298 -0.351789 0.412495 0.840293 0.374419 0.028051 -0.892624 0.449927 -0.068928 0.000000 0.000000 0.000000 1.000000
0.949307 0.165592 0.267199 -0.076811 -0.313046 0.420656 0.851499 0.379256 0.028603 -0.891980 0.451170 -0.054640 0.000000 0.000000 0.000000 1.000000
0.964172 0.151502 0.217762 -0.053224 -0.262628 0.429390 0.864090 0.376598 0.037407 -0.890321 0.453794 -0.041592 0.000000 0.000000 0.000000 1.000000
0.976823 0.132298 0.168268 -0.030833 -0.210257 0.445742 0.870118 0.364555 0.040111 -0.885331 0.463228 -0.030304 0.000000 0.000000 0.000000 1.000000
0.986253 0.095041 0.135173 -0.012475 -0.164348 0.479301 0.862125 0.344580 0.017149 -0.872489 0.488332 -0.017326 0.000000 0.000000 0.000000 1.000000
0.991654 0.047371 0.119907 0.002588 -0.127000 0.519035 0.845266 0.321354 -0.022195 -0.853439 0.520719 -0.004789 0.000000 0.000000 0.000000 1.000000
0.994115 -0.002365 0.108307 0.013543 -0.090165 0.536131 0.839305 0.298137 -0.060052 -0.844131 0.532763 0.007632 0.000000 0.000000 0.000000 1.000000
0.995725 -0.037791 0.084288 0.016249 -0.053075 0.512761 0.856889 0.280015 -0.075602 -0.857699 0.508563 0.015962 0.000000 0.000000 0.000000 1.000000
0.997052 -0.060532 0.047161 0.010236 -0.013377 0.468070 0.883590 0.269339 -0.075560 -0.881616 0.465880 0.022753 0.000000 0.000000 0.000000 1.000000
0.996848 -0.079332 -0.000695 0.001021 0.035585 0.439279 0.897646 0.264535 -0.070907 -0.894841 0.440718 0.029662 0.000000 0.000000 0.000000 1.000000
0.992258 -0.105846 -0.064961 -0.006947 0.105435 0.441559 0.891016 0.265325 -0.065626 -0.890967 0.449300 0.035871 0.000000 0.000000 0.000000 1.000000
0.976992 -0.148869 -0.152722 -0.010918 0.204914 0.456693 0.865703 0.274098 -0.059130 -0.877080 0.476691 0.039450 0.000000 0.000000 0.000000 1.000000
0.942044 -0.208600 -0.262753 -0.008991 0.331580 0.459713 0.823844 0.292588 -0.051063 -0.863221 0.502238 0.037776 0.000000 0.000000 0.000000 1.000000
0.879610 -0.279422 -0.384979 -0.000080 0.473708 0.440639 0.762521 0.318148 -0.043428 -0.853089 0.519955 0.030647 0.000000 0.000000 0.000000 1.000000</float_array>
        <technique_common>
          <accessor source="#mixamorig_Hips-Matrix-animation-output-transform-array" count="138" stride="16">
            <param type="float4x4"/>
          </accessor>
        </technique_common>
      </source>
      <source id="mixamorig_Hips-Interpolations">
        <Name_array id="mixamorig_Hips-Interpolations-array" count="138">
 LINEAR LINEAR LINEAR LINEAR LINEAR LINEAR LINEAR LINEAR LINEAR LINEAR LINEAR
LINEAR LINEAR LINEAR LINEAR LINEAR LINEAR LINEAR LINEAR LINEAR LINEAR LINEAR LINEAR
LINEAR LINEAR LINEAR LINEAR LINEAR LINEAR LINEAR LINEAR LINEAR LINEAR LINEAR LINEAR
LINEAR LINEAR LINEAR LINEAR LINEAR LINEAR LINEAR LINEAR LINEAR LINEAR LINEAR LINEAR
LINEAR LINEAR LINEAR LINEAR LINEAR LINEAR LINEAR LINEAR LINEAR LINEAR LINEAR LINEAR
LINEAR LINEAR LINEAR LINEAR LINEAR LINEAR LINEAR LINEAR LINEAR LINEAR LINEAR LINEAR
LINEAR LINEAR LINEAR LINEAR LINEAR LINEAR LINEAR LINEAR LINEAR LINEAR LINEAR LINEAR
LINEAR LINEAR LINEAR LINEAR LINEAR LINEAR LINEAR LINEAR LINEAR LINEAR LINEAR LINEAR
LINEAR LINEAR LINEAR LINEAR LINEAR LINEAR LINEAR LINEAR LINEAR LINEAR LINEAR LINEAR
LINEAR LINEAR LINEAR LINEAR LINEAR LINEAR LINEAR LINEAR LINEAR LINEAR LINEAR LINEAR
LINEAR LINEAR LINEAR LINEAR LINEAR LINEAR LINEAR LINEAR LINEAR LINEAR LINEAR LINEAR
LINEAR LINEAR LINEAR LINEAR LINEAR LINEAR LINEAR</Name_array>
        <technique_common>
          <accessor source="#mixamorig_Hips-Interpolations-array" count="138">
            <param type="name"/>
          </accessor>
        </technique_common>
      </source>
      <sampler id="mixamorig_Hips-Matrix-animation-transform">
        <input semantic="INPUT" source="#mixamorig_Hips-Matrix-animation-input"/>
        <input semantic="OUTPUT" source="#mixamorig_Hips-Matrix-animation-output-transform"/>
        <input semantic="INTERPOLATION" source="#mixamorig_Hips-Interpolations"/>
      </sampler>
      <channel source="#mixamorig_Hips-Matrix-animation-transform" target="mixamorig_Hips/matrix"/>
      <source id="mixamorig_Spine-Matrix-animation-input">
        <float_array id="mixamorig_Spine-Matrix-animation-input-array" count="138">

0.000000 0.033333 0.066667 0.100000 0.133333 0.166667 0.200000 0.233333 0.266667 0.300000 0.333333 0.366667 0.400000 0.433333 0.466667 0.500000
0.533333 0.566667 0.600000 0.633333 0.666667 0.700000 0.733333 0.766667 0.800000 0.833333 0.866667 0.900000 0.933333 0.966667 1.000000 1.033333
1.066667 1.100000 1.133333 1.166667 1.200000 1.233333 1.266667 1.300000 1.333333 1.366667 1.400000 1.433333 1.466667 1.500000 1.533333 1.566667
1.600000 1.633333 1.666667 1.700000 1.733333 1.766667 1.800000 1.833333 1.866667 1.900000 1.933333 1.966667 2.000000 2.033333 2.066667 2.100000
2.133333 2.166667 2.200000 2.233333 2.266667 2.300000 2.333333 2.366667 2.400000 2.433333 2.466667 2.500000 2.533333 2.566667 2.600000 2.633333
2.666667 2.700000 2.733333 2.766667 2.800000 2.833333 2.866667 2.900000 2.933333 2.966667 3.000000 3.033333 3.066667 3.100000 3.133333 3.166667
3.200000 3.233333 3.266667 3.300000 3.333333 3.366667 3.400000 3.433333 3.466667 3.500000 3.533333 3.566667 3.600000 3.633333 3.666667 3.700000
3.733333 3.766667 3.800000 3.833333 3.866667 3.900000 3.933333 3.966667 4.000000 4.033333 4.066667 4.100000 4.133333 4.166667 4.200000 4.233333
4.266667 4.300000 4.333333 4.366667 4.400000 4.433333 4.466667 4.500000 4.533333 4.566667</float_array>
        <technique_common>
          <accessor source="#mixamorig_Spine-Matrix-animation-input-array" count="138">
            <param name="TIME" type="float"/>
          </accessor>
        </technique_common>
      </source>
      <source id="mixamorig_Spine-Matrix-animation-output-transform">
        <float_array id="mixamorig_Spine-Matrix-animation-output-transform-array" count="2208">

0.931037 -0.061231 -0.359751 0.000000 -0.272394 0.539414 -0.796765 0.087100 0.242842 0.839812 0.485535 -0.006400 0.000000 0.000000 0.000000 1.000000
0.917671 -0.029523 -0.396244 0.000000 -0.317002 0.546851 -0.774896 0.087100 0.239564 0.836709 0.492470 -0.006400 0.000000 0.000000 0.000000 1.000000
0.896549 0.006874 -0.442891 0.000000 -0.372032 0.554354 -0.744503 0.087100 0.240401 0.832253 0.499563 -0.006400 0.000000 0.000000 0.000000 1.000000
0.875510 0.038045 -0.481700 -0.000000 -0.417710 0.560722 -0.714919 0.087100 0.242900 0.827130 0.506809 -0.006400 0.000000 0.000000 0.000000 1.000000
0.855067 0.065682 -0.514341 0.000000 -0.456708 0.565086 -0.687092 0.087100 0.245517 0.822413 0.513184 -0.006400 0.000000 0.000000 0.000000 1.000000
0.842964 0.082125 -0.531664 0.000000 -0.478314 0.566743 -0.670833 0.087100 0.246225 0.819791 0.517026 -0.006400 0.000000 0.000000 0.000000 1.000000
0.845083 0.084086 -0.527982 0.000000 -0.476516 0.566251 -0.672527 0.087100 0.242420 0.819933 0.518597 -0.006400 0.000000 0.000000 0.000000 1.000000
0.857890 0.079520 -0.507642 0.000000 -0.458651 0.563911 -0.686763 0.087100 0.231654 0.821998 0.520246 -0.006400 0.000000 0.000000 0.000000 1.000000
0.872425 0.080739 -0.482032 -0.000000 -0.439926 0.559405 -0.702518 0.087100 0.212931 0.824953 0.523558 -0.006400 0.000000 0.000000 0.000000 1.000000
0.886484 0.089031 -0.454114 0.000000 -0.423105 0.553386 -0.717458 0.087100 0.187425 0.828153 0.528237 -0.006400 0.000000 0.000000 0.000000 1.000000
0.898542 0.115350 -0.423458 0.000000 -0.413385 0.546537 -0.728292 0.087100 0.147427 0.829453 0.538770 -0.006400 0.000000 0.000000 0.000000 1.000000
0.914087 0.146249 -0.378226 0.000000 -0.393943 0.541504 -0.742686 0.087100 0.096194 0.827879 0.552596 -0.006400 0.000000 0.000000 0.000000 1.000000
0.930947 0.165392 -0.325551 -0.000000 -0.361795 0.538436 -0.761046 0.087100 0.049417 0.826276 0.561093 -0.006400 0.000000 0.000000 0.000000 1.000000
0.945926 0.186288 -0.265557 0.000000 -0.324364 0.534471 -0.780467 0.087100 -0.003459 0.824401 0.565995 -0.006400 0.000000 0.000000 0.000000 1.000000
0.960178 0.209839 -0.184461 0.000000 -0.270649 0.534739 -0.800502 0.087100 -0.069338 0.818548 0.570237 -0.006400 0.000000 0.000000 0.000000 1.000000
0.966268 0.246436 -0.074806 0.000000 -0.202785 0.548972 -0.810868 0.087100 -0.158761 0.798686 0.580428 -0.006400 0.000000 0.000000 0.000000 1.000000
0.954083 0.294121 0.056725 0.000000 -0.131200 0.580574 -0.803567 0.087100 -0.269279 0.759228 0.592505 -0.006400 0.000000 0.000000 0.000000 1.000000
0.920006 0.347334 0.181517 0.000000 -0.077166 0.614647 -0.785019 0.087100 -0.384233 0.708215 0.592281 -0.006400 0.000000 0.000000 0.000000 1.000000
0.879782 0.384498 0.279544 -0.000000 -0.034461 0.638085 -0.769195 0.087100 -0.474126 0.667090 0.574626 -0.006400 0.000000 0.000000 0.000000 1.000000
0.846623 0.407513 0.342291 0.000000 -0.003320 0.647202 -0.762311 0.087100 -0.532183 0.644254 0.549289 -0.006400 0.000000 0.000000 0.000000 1.000000
0.828722 0.407018 0.384131 0.000000 0.024440 0.659390 -0.751403 0.087100 -0.559127 0.632092 0.536503 -0.006400 0.000000 0.000000 0.000000 1.000000
0.828799 0.374281 0.415941 -0.000000 0.049752 0.691115 -0.721030 0.087100 -0.557331 0.618283 0.554174 -0.006400 0.000000 0.000000 0.000000 1.000000
0.844736 0.305886 0.439153 0.000000 0.081093 0.737934 -0.669984 0.087100 -0.529004 0.601571 0.598554 -0.006400 0.000000 0.000000 0.000000 1.000000
0.869819 0.213136 0.444958 0.000000 0.128652 0.772687 -0.621613 0.087100 -0.476301 0.597936 0.644678 -0.006400 0.000000 0.000000 0.000000 1.000000
0.891693 0.116537 0.437381 0.000000 0.193920 0.774764 -0.601777 0.087100 -0.408996 0.621417 0.668253 -0.006400 0.000000 0.000000 0.000000 1.000000
0.898389 0.033803 0.437897 0.000000 0.267929 0.747839 -0.607413 0.087100 -0.348009 0.663019 0.662794 -0.006400 0.000000 0.000000 0.000000 1.000000
0.882681 -0.028187 0.469127 0.000000 0.348630 0.708676 -0.613381 0.087100 -0.315169 0.704971 0.635361 -0.006400 0.000000 0.000000 0.000000 1.000000
0.851902 -0.061580 0.520069 0.000000 0.423306 0.665660 -0.614580 0.087100 -0.308343 0.743710 0.593144 -0.006400 0.000000 0.000000 0.000000 1.000000
0.827104 -0.075401 0.556968 0.000000 0.477047 0.618169 -0.624735 0.087100 -0.297195 0.782421 0.547260 -0.006400 0.000000 0.000000 0.000000 1.000000
0.819649 -0.093879 0.565121 -0.000000 0.509056 0.571817 -0.643340 0.087100 -0.262750 0.814992 0.516479 -0.006400 0.000000 0.000000 0.000000 1.000000
0.834619 -0.122439 0.537048 0.000000 0.509137 0.543568 -0.667317 0.087100 -0.210217 0.830387 0.516011 -0.006400 0.000000 0.000000 0.000000 1.000000
0.868677 -0.148212 0.472688 0.000000 0.471380 0.540706 -0.696734 0.087100 -0.152321 0.828052 0.539563 -0.006400 0.000000 0.000000 0.000000 1.000000
0.911815 -0.160628 0.377879 0.000000 0.400355 0.552115 -0.731358 0.087100 -0.091156 0.818149 0.567735 -0.006400 0.000000 0.000000 0.000000 1.000000
0.950205 -0.172115 0.259783 0.000000 0.311294 0.562722 -0.765793 0.087100 -0.014381 0.808529 0.588280 -0.006400 0.000000 0.000000 0.000000 1.000000
0.969466 -0.206247 0.132654 0.000000 0.228703 0.565253 -0.792581 0.087100 0.088485 0.798719 0.595163 -0.006400 0.000000 0.000000 0.000000 1.000000
0.964498 -0.264081 0.002117 0.000000 0.156333 0.564475 -0.810511 0.087100 0.212846 0.782067 0.585720 -0.006400 0.000000 0.000000 0.000000 1.000000
0.939703 -0.319614 -0.121673 -0.000000 0.088978 0.572017 -0.815401 0.087100 0.330213 0.755409 0.565965 -0.006400 0.000000 0.000000 0.000000 1.000000
0.909820 -0.350845 -0.221665 -0.000000 0.033981 0.595315 -0.802774 0.087100 0.413609 0.722848 0.553551 -0.006400 0.000000 0.000000 0.000000 1.000000
0.888725 -0.357781 -0.286638 -0.000000 0.003393 0.630360 -0.776295 0.087100 0.458429 0.688940 0.561431 -0.006400 0.000000 0.000000 0.000000 1.000000
0.879852 -0.353583 -0.317552 0.000000 -0.001408 0.666240 -0.745736 0.087100 0.475245 0.656585 0.585695 -0.006400 0.000000 0.000000 0.000000 1.000000
0.880226 -0.344037 -0.326863 0.000000 0.004838 0.695250 -0.718752 0.087100 0.474529 0.631083 0.613642 -0.006400 0.000000 0.000000 0.000000 1.000000
0.885544 -0.329360 -0.327617 0.000000 0.005459 0.712557 -0.701593 0.087100 0.464523 0.619503 0.632799 -0.006400 0.000000 0.000000 0.000000 1.000000
0.892399 -0.312406 -0.325618 -0.000000 -0.006573 0.712519 -0.701622 0.087100 0.451200 0.628267 0.633798 -0.006400 0.000000 0.000000 0.000000 1.000000
0.901592 -0.296373 -0.315110 0.000000 -0.026142 0.689772 -0.723554 0.087100 0.431796 0.660589 0.614146 -0.006400 0.000000 0.000000 0.000000 1.000000
0.917456 -0.280168 -0.282455 0.000000 -0.038564 0.644003 -0.764051 0.087100 0.395965 0.711875 0.580039 -0.006400 0.000000 0.000000 0.000000 1.000000
0.940076 -0.256723 -0.224388 0.000000 -0.033665 0.584997 -0.810336 0.087100 0.339299 0.769332 0.541299 -0.006400 0.000000 0.000000 0.000000 1.000000
0.962337 -0.219989 -0.159726 -0.000000 -0.019876 0.529024 -0.848374 0.087100 0.271132 0.819596 0.504727 -0.006400 0.000000 0.000000 0.000000 1.000000
0.979506 -0.169357 -0.109023 0.000000 -0.013237 0.485989 -0.873865 0.087100 0.200979 0.857399 0.473787 -0.006400 0.000000 0.000000 0.000000 1.000000
0.991709 -0.104639 -0.074596 0.000000 -0.018827 0.455920 -0.889821 0.087100 0.127120 0.883848 0.450170 -0.006400 0.000000 0.000000 0.000000 1.000000
0.998985 -0.024495 -0.037791 0.000000 -0.023292 0.437167 -0.899079 0.087100 0.038544 0.899047 0.436152 -0.006400 0.000000 0.000000 0.000000 1.000000
0.997040 0.074023 0.020785 0.000000 -0.013357 0.432988 -0.901300 0.087100 -0.075717 0.898355 0.432696 -0.006400 0.000000 0.000000 0.000000 1.000000
0.977966 0.184036 0.098558 0.000000 0.006319 0.445785 -0.895118 0.087100 -0.208670 0.876017 0.434800 -0.006400 0.000000 0.000000 0.000000 1.000000
0.943504 0.280567 0.176300 0.000000 0.024114 0.472502 -0.881000 0.087100 -0.330482 0.835478 0.439042 -0.006400 0.000000 0.000000 0.000000 1.000000
0.909137 0.338280 0.242976 -0.000000 0.039834 0.510084 -0.859202 0.087100 -0.414589 0.790810 0.450261 -0.006400 0.000000 0.000000 0.000000 1.000000
0.888502 0.346570 0.300754 0.000000 0.064850 0.554005 -0.829984 0.087100 -0.454267 0.756947 0.469759 -0.006400 0.000000 0.000000 0.000000 1.000000
0.880388 0.322485 0.347735 -0.000000 0.100407 0.589861 -0.801238 0.087100 -0.463502 0.740316 0.486927 -0.006400 0.000000 0.000000 0.000000 1.000000
0.883025 0.275051 0.380280 0.000000 0.146112 0.608893 -0.779680 0.087100 -0.446002 0.744041 0.497480 -0.006400 0.000000 0.000000 0.000000 1.000000
0.899777 0.193251 0.391223 0.000000 0.198943 0.616289 -0.761977 0.087100 -0.388359 0.763441 0.516077 -0.006400 0.000000 0.000000 0.000000 1.000000
0.920289 0.061499 0.386376 0.000000 0.266107 0.625554 -0.733396 0.087100 -0.286802 0.777753 0.559325 -0.006400 0.000000 0.000000 0.000000 1.000000
0.921757 -0.100071 0.374632 -0.000000 0.347311 0.642716 -0.682855 0.087100 -0.172448 0.759541 0.627184 -0.006400 0.000000 0.000000 0.000000 1.000000
0.908143 -0.238660 0.343974 0.000000 0.410500 0.669029 -0.619589 0.087100 -0.082257 0.703876 0.705544 -0.006400 0.000000 0.000000 0.000000 1.000000
0.909749 -0.317705 0.267244 0.000000 0.415100 0.706861 -0.572747 0.087100 -0.006940 0.631990 0.774946 -0.006400 0.000000 0.000000 0.000000 1.000000
0.929824 -0.342638 0.134261 0.000000 0.356976 0.751140 -0.555299 0.087100 0.089418 0.564258 0.820742 -0.006400 0.000000 0.000000 0.000000 1.000000
0.939549 -0.342074 -0.015295 0.000000 0.277843 0.787714 -0.549827 0.087100 0.200130 0.512340 0.835139 -0.006400 0.000000 0.000000 0.000000 1.000000
0.933212 -0.340427 -0.115001 0.000000 0.227076 0.806760 -0.545504 0.087100 0.278483 0.482957 0.830181 -0.006400 0.000000 0.000000 0.000000 1.000000
0.928800 -0.343745 -0.138454 -0.000000 0.219441 0.811231 -0.541987 0.087100 0.298624 0.473015 0.828903 -0.006400 0.000000 0.000000 0.000000 1.000000
0.932383 -0.344675 -0.108913 0.000000 0.237817 0.811827 -0.533273 0.087100 0.272224 0.471313 0.838903 -0.006400 0.000000 0.000000 0.000000 1.000000
0.943804 -0.325217 -0.058888 -0.000000 0.249490 0.817914 -0.518432 0.087100 0.216768 0.474606 0.853089 -0.006400 0.000000 0.000000 0.000000 1.000000
0.961855 -0.273548 -0.002707 0.000000 0.232918 0.824101 -0.516340 0.087100 0.143475 0.496014 0.856379 -0.006400 0.000000 0.000000 0.000000 1.000000
0.979188 -0.195483 0.054573 0.000000 0.192828 0.812168 -0.550637 0.087100 0.063318 0.549700 0.832959 -0.006400 0.000000 0.000000 0.000000 1.000000
0.988678 -0.107088 0.105111 0.000000 0.149254 0.774037 -0.615296 0.087100 -0.015469 0.624018 0.781257 -0.006400 0.000000 0.000000 0.000000 1.000000
0.989109 -0.021260 0.145639 -0.000000 0.114759 0.730976 -0.672684 0.087100 -0.092157 0.682071 0.725455 -0.006400 0.000000 0.000000 0.000000 1.000000
0.981992 0.064659 0.177515 0.000000 0.078333 0.715687 -0.694014 0.087100 -0.171919 0.695421 0.697734 -0.006400 0.000000 0.000000 0.000000 1.000000
0.968109 0.150755 0.200095 0.000000 0.027032 0.731169 -0.681661 0.087100 -0.249067 0.665331 0.703776 -0.006400 0.000000 0.000000 0.000000 1.000000
0.952350 0.224924 0.206006 -0.000000 -0.035402 0.752364 -0.657795 0.087100 -0.302945 0.619158 0.724477 -0.006400 0.000000 0.000000 0.000000 1.000000
0.942269 0.279770 0.184003 -0.000000 -0.100039 0.759599 -0.642652 0.087100 -0.319563 0.587144 0.743735 -0.006400 0.000000 0.000000 0.000000 1.000000
0.940696 0.310012 0.137783 0.000000 -0.155760 0.755477 -0.636391 0.087100 -0.301380 0.577189 0.758961 -0.006400 0.000000 0.000000 0.000000 1.000000
0.946409 0.313282 0.078509 0.000000 -0.197498 0.753716 -0.626823 0.087100 -0.255546 0.577725 0.775196 -0.006400 0.000000 0.000000 0.000000 1.000000
0.956970 0.289908 0.012713 0.000000 -0.223333 0.763769 -0.605623 0.087100 -0.185285 0.576724 0.795650 -0.006400 0.000000 0.000000 0.000000 1.000000
0.968241 0.242750 -0.059849 -0.000000 -0.232274 0.784796 -0.574581 0.087100 -0.092510 0.570234 0.816256 -0.006400 0.000000 0.000000 0.000000 1.000000
0.973778 0.179407 -0.139888 0.000000 -0.226934 0.809322 -0.541755 0.087100 0.016020 0.559295 0.828814 -0.006400 0.000000 0.000000 0.000000 1.000000
0.969147 0.109506 -0.220823 0.000000 -0.211199 0.830824 -0.514904 0.087100 0.127080 0.545655 0.828319 -0.006400 0.000000 0.000000 0.000000 1.000000
0.955761 0.041124 -0.291255 0.000000 -0.188186 0.846505 -0.498012 0.087100 0.226069 0.530790 0.816796 -0.006400 0.000000 0.000000 0.000000 1.000000
0.940733 -0.022440 -0.338406 0.000000 -0.156986 0.855666 -0.493145 0.087100 0.300629 0.517042 0.801430 -0.006400 0.000000 0.000000 0.000000 1.000000
0.932970 -0.066371 -0.353783 0.000000 -0.127442 0.858285 -0.497097 0.087100 0.336639 0.508863 0.792296 -0.006400 0.000000 0.000000 0.000000 1.000000
0.943006 -0.081054 -0.322754 0.000000 -0.100977 0.854459 -0.509611 0.087100 0.317086 0.513157 0.797575 -0.006400 0.000000 0.000000 0.000000 1.000000
0.971200 -0.060394 -0.230485 -0.000000 -0.074374 0.842168 -0.534062 0.087100 0.226361 0.535823 0.813421 -0.006400 0.000000 0.000000 0.000000 1.000000
0.997141 -0.007242 -0.075214 0.000000 -0.037370 0.817879 -0.574175 0.087100 0.065674 0.575344 0.815271 -0.006400 0.000000 0.000000 0.000000 1.000000
0.991144 0.069137 0.113374 -0.000000 0.016375 0.783622 -0.621022 0.087100 -0.131778 0.617378 0.775551 -0.006400 0.000000 0.000000 0.000000 1.000000
0.946593 0.153651 0.283465 -0.000000 0.073751 0.752665 -0.654260 0.087100 -0.313882 0.640224 0.701136 -0.006400 0.000000 0.000000 0.000000 1.000000
