<?xml version="1.0" encoding="utf-8"?>
<COLLADA xmlns="http://www.collada.org/2005/11/COLLADASchema" version="1.4.1">
  <asset>
    <contributor>
      <author>Mixamo</author>
      <authoring_tool>COLLADA Mixamo exporter</authoring_tool>
      <comments/>
    </contributor>
    <created>2019-05-23T16:32:59Z</created>
    <modified>2019-05-23T16:32:59Z</modified>
    <revision/>
    <title/>
    <unit meter="0.010000"/>
    <up_axis>Y_UP</up_axis>
  </asset>
  <library_animations>
    <animation>
      <source id="mixamorig_Hips-Matrix-animation-input">
        <float_array id="mixamorig_Hips-Matrix-animation-input-array" count="60">

0.000000 0.033333 0.066667 0.100000 0.133333 0.166667 0.200000 0.233333 0.266667 0.300000 0.333333 0.366667 0.400000 0.433333 0.466667 0.500000
0.533333 0.566667 0.600000 0.633333 0.666667 0.700000 0.733333 0.766667 0.800000 0.833333 0.866667 0.900000 0.933333 0.966667 1.000000 1.033333
1.066667 1.100000 1.133333 1.166667 1.200000 1.233333 1.266667 1.300000 1.333333 1.366667 1.400000 1.433333 1.466667 1.500000 1.533333 1.566667
1.600000 1.633333 1.666667 1.700000 1.733333 1.766667 1.800000 1.833333 1.866667 1.900000 1.933333 1.966667</float_array>
        <technique_common>
          <accessor source="#mixamorig_Hips-Matrix-animation-input-array" count="60">
            <param name="TIME" type="float"/>
          </accessor>
        </technique_common>
      </source>
      <source id="mixamorig_Hips-Matrix-animation-output-transform">
        <float_array id="mixamorig_Hips-Matrix-animation-output-transform-array" count="960">

0.728314 0.052784 -0.683208 0.005964 0.000562 0.996982 0.077625 1.008559 0.685244 -0.056919 0.726086 -0.014605 0.000000 0.000000 0.000000 1.000000
0.728013 0.053019 -0.683510 0.006095 0.000578 0.996957 0.077948 1.008665 0.685563 -0.057142 0.725768 -0.014717 0.000000 0.000000 0.000000 1.000000
0.727801 0.053224 -0.683720 0.006240 0.000587 0.996935 0.078231 1.008777 0.685788 -0.057338 0.725539 -0.014781 0.000000 0.000000 0.000000 1.000000
0.727802 0.053582 -0.683690 0.006376 0.000414 0.996908 0.078570 1.008906 0.685787 -0.057467 0.725530 -0.014763 0.000000 0.000000 0.000000 1.000000
0.728085 0.053981 -0.683358 0.006478 0.000173 0.996880 0.078932 1.009056 0.685487 -0.057588 0.725804 -0.014636 0.000000 0.000000 0.000000 1.000000
0.728588 0.054407 -0.682788 0.006529 -0.000028 0.996843 0.079402 1.009221 0.684952 -0.057833 0.726289 -0.014391 0.000000 0.000000 0.000000 1.000000
0.729158 0.054847 -0.682144 0.006534 -0.000112 0.996793 0.080026 1.009404 0.684345 -0.058276 0.726826 -0.014044 0.000000 0.000000 0.000000 1.000000
0.729633 0.055299 -0.681600 0.006512 -0.000125 0.996736 0.080733 1.009633 0.683839 -0.058820 0.727258 -0.013615 0.000000 0.000000 0.000000 1.000000
0.729915 0.055650 -0.681269 0.006485 -0.000106 0.996690 0.081302 1.009931 0.683538 -0.059271 0.727504 -0.013116 0.000000 0.000000 0.000000 1.000000
0.729985 0.055884 -0.681175 0.006475 -0.000115 0.996662 0.081643 1.010286 0.683464 -0.059520 0.727554 -0.012554 0.000000 0.000000 0.000000 1.000000
0.729870 0.056075 -0.681282 0.006513 -0.000151 0.996643 0.081870 1.010634 0.683586 -0.059651 0.727428 -0.011948 0.000000 0.000000 0.000000 1.000000
0.729655 0.056348 -0.681490 0.006624 -0.000182 0.996615 0.082208 1.010905 0.683815 -0.059859 0.727196 -0.011334 0.000000 0.000000 0.000000 1.000000
0.729530 0.056727 -0.681593 0.006788 -0.000152 0.996568 0.082778 1.011070 0.683949 -0.060285 0.727035 -0.010743 0.000000 0.000000 0.000000 1.000000
0.729716 0.057160 -0.681356 0.006944 -0.000063 0.996505 0.083531 1.011180 0.683750 -0.060911 0.727170 -0.010184 0.000000 0.000000 0.000000 1.000000
0.730253 0.057664 -0.680739 0.007027 -0.000047 0.996436 0.084356 1.011334 0.683177 -0.061569 0.727653 -0.009648 0.000000 0.000000 0.000000 1.000000
0.730857 0.058163 -0.680048 0.007030 -0.000164 0.996377 0.085042 1.011606 0.682530 -0.062042 0.728219 -0.009130 0.000000 0.000000 0.000000 1.000000
0.731133 0.058600 -0.679714 0.007004 -0.000422 0.996343 0.085443 1.011991 0.682235 -0.062183 0.728484 -0.008646 0.000000 0.000000 0.000000 1.000000
0.730918 0.058917 -0.679917 0.007001 -0.000734 0.996334 0.085546 1.012419 0.682465 -0.062028 0.728282 -0.008206 0.000000 0.000000 0.000000 1.000000
0.730423 0.059152 -0.680429 0.007030 -0.001023 0.996336 0.085517 1.012805 0.682995 -0.061768 0.727807 -0.007797 0.000000 0.000000 0.000000 1.000000
0.730012 0.059372 -0.680851 0.007066 -0.001245 0.996333 0.085548 1.013101 0.683434 -0.061604 0.727409 -0.007386 0.000000 0.000000 0.000000 1.000000
0.729901 0.059529 -0.680955 0.007080 -0.001351 0.996324 0.085650 1.013310 0.683551 -0.061596 0.727299 -0.006941 0.000000 0.000000 0.000000 1.000000
0.730063 0.059680 -0.680769 0.007063 -0.001401 0.996308 0.085839 1.013476 0.683379 -0.061715 0.727451 -0.006445 0.000000 0.000000 0.000000 1.000000
0.730345 0.059807 -0.680455 0.007018 -0.001418 0.996290 0.086046 1.013638 0.683077 -0.061878 0.727721 -0.005910 0.000000 0.000000 0.000000 1.000000
0.730605 0.059844 -0.680172 0.006960 -0.001372 0.996278 0.086183 1.013812 0.682799 -0.062033 0.727968 -0.005372 0.000000 0.000000 0.000000 1.000000
0.730736 0.059820 -0.680034 0.006904 -0.001304 0.996274 0.086237 1.013976 0.682659 -0.062130 0.728091 -0.004878 0.000000 0.000000 0.000000 1.000000
0.730691 0.059732 -0.680091 0.006858 -0.001234 0.996279 0.086177 1.014107 0.682708 -0.062130 0.728045 -0.004480 0.000000 0.000000 0.000000 1.000000
0.730479 0.059641 -0.680326 0.006820 -0.001226 0.996292 0.086024 1.014196 0.682934 -0.062005 0.727844 -0.004209 0.000000 0.000000 0.000000 1.000000
0.730220 0.059505 -0.680616 0.006779 -0.001257 0.996315 0.085758 1.014261 0.683211 -0.061767 0.727604 -0.004071 0.000000 0.000000 0.000000 1.000000
0.730018 0.059363 -0.680845 0.006725 -0.001336 0.996343 0.085439 1.014305 0.683426 -0.061462 0.727427 -0.004043 0.000000 0.000000 0.000000 1.000000
0.729886 0.059276 -0.680994 0.006668 -0.001464 0.996366 0.085158 1.014292 0.683567 -0.061159 0.727321 -0.004109 0.000000 0.000000 0.000000 1.000000
0.729803 0.059173 -0.681092 0.006626 -0.001531 0.996386 0.084926 1.014169 0.683656 -0.060937 0.727256 -0.004266 0.000000 0.000000 0.000000 1.000000
0.729799 0.059099 -0.681103 0.006604 -0.001533 0.996396 0.084815 1.013914 0.683660 -0.060853 0.727259 -0.004512 0.000000 0.000000 0.000000 1.000000
0.729954 0.059094 -0.680937 0.006588 -0.001518 0.996393 0.084843 1.013580 0.683494 -0.060898 0.727411 -0.004833 0.000000 0.000000 0.000000 1.000000
0.730256 0.059134 -0.680610 0.006552 -0.001535 0.996386 0.084924 1.013275 0.683172 -0.060971 0.727708 -0.005205 0.000000 0.000000 0.000000 1.000000
0.730555 0.059192 -0.680283 0.006483 -0.001612 0.996383 0.084964 1.013093 0.682852 -0.060974 0.728008 -0.005602 0.000000 0.000000 0.000000 1.000000
0.730645 0.059020 -0.680202 0.006399 -0.001624 0.996404 0.084712 1.013047 0.682756 -0.060790 0.728113 -0.006014 0.000000 0.000000 0.000000 1.000000
0.730427 0.058674 -0.680466 0.006336 -0.001573 0.996445 0.084231 1.013043 0.682989 -0.060454 0.727923 -0.006450 0.000000 0.000000 0.000000 1.000000
0.730031 0.058311 -0.680922 0.006316 -0.001489 0.996487 0.083738 1.012948 0.683412 -0.060117 0.727553 -0.006921 0.000000 0.000000 0.000000 1.000000
0.729741 0.058038 -0.681257 0.006321 -0.001380 0.996514 0.083417 1.012681 0.683723 -0.059933 0.727277 -0.007411 0.000000 0.000000 0.000000 1.000000
0.729752 0.057853 -0.681260 0.006309 -0.001257 0.996525 0.083279 1.012280 0.683711 -0.059917 0.727289 -0.007880 0.000000 0.000000 0.000000 1.000000
0.729994 0.057692 -0.681014 0.006254 -0.001128 0.996531 0.083212 1.011862 0.683453 -0.059976 0.727527 -0.008297 0.000000 0.000000 0.000000 1.000000
0.730195 0.057482 -0.680817 0.006162 -0.000971 0.996541 0.083098 1.011538 0.683238 -0.060016 0.727725 -0.008663 0.000000 0.000000 0.000000 1.000000
0.730122 0.057166 -0.680921 0.006057 -0.000782 0.996564 0.082827 1.011335 0.683316 -0.059941 0.727658 -0.009013 0.000000 0.000000 0.000000 1.000000
0.729751 0.056800 -0.681350 0.005958 -0.000585 0.996595 0.082454 1.011201 0.683713 -0.059772 0.727299 -0.009395 0.000000 0.000000 0.000000 1.000000
0.729245 0.056442 -0.681921 0.005879 -0.000395 0.996627 0.082068 1.011048 0.684252 -0.059579 0.726807 -0.009846 0.000000 0.000000 0.000000 1.000000
0.728820 0.056150 -0.682399 0.005823 -0.000259 0.996654 0.081732 1.010826 0.684705 -0.059391 0.726396 -0.010372 0.000000 0.000000 0.000000 1.000000
0.728600 0.055897 -0.682655 0.005784 -0.000175 0.996680 0.081423 1.010538 0.684939 -0.059205 0.726191 -0.010955 0.000000 0.000000 0.000000 1.000000
0.728598 0.055628 -0.682679 0.005748 -0.000111 0.996706 0.081098 1.010234 0.684942 -0.059012 0.726204 -0.011555 0.000000 0.000000 0.000000 1.000000
0.728747 0.055334 -0.682544 0.005707 -0.000046 0.996734 0.080757 1.009967 0.684783 -0.058820 0.726369 -0.012132 0.000000 0.000000 0.000000 1.000000
0.728951 0.055015 -0.682351 0.005674 0.000042 0.996762 0.080410 1.009761 0.684565 -0.058644 0.726589 -0.012656 0.000000 0.000000 0.000000 1.000000
0.729089 0.054635 -0.682235 0.005673 0.000195 0.996792 0.080034 1.009593 0.684419 -0.058485 0.726740 -0.013100 0.000000 0.000000 0.000000 1.000000
0.729059 0.054229 -0.682300 0.005716 0.000388 0.996823 0.079642 1.009426 0.684451 -0.058328 0.726722 -0.013446 0.000000 0.000000 0.000000 1.000000
0.728845 0.053974 -0.682549 0.005788 0.000481 0.996847 0.079341 1.009239 0.684679 -0.058155 0.726521 -0.013690 0.000000 0.000000 0.000000 1.000000
0.728525 0.053829 -0.682901 0.005863 0.000505 0.996865 0.079115 1.009048 0.685019 -0.057982 0.726214 -0.013858 0.000000 0.000000 0.000000 1.000000
0.728231 0.053703 -0.683224 0.005917 0.000523 0.996881 0.078915 1.008881 0.685331 -0.057826 0.725932 -0.013988 0.000000 0.000000 0.000000 1.000000
0.728070 0.053567 -0.683407 0.005941 0.000539 0.996897 0.078714 1.008754 0.685503 -0.057678 0.725782 -0.014112 0.000000 0.000000 0.000000 1.000000
0.728080 0.053380 -0.683411 0.005943 0.000559 0.996917 0.078462 1.008668 0.685492 -0.057509 0.725805 -0.014245 0.000000 0.000000 0.000000 1.000000
0.728202 0.053128 -0.683300 0.005938 0.000581 0.996943 0.078134 1.008616 0.685362 -0.057294 0.725945 -0.014390 0.000000 0.000000 0.000000 1.000000
0.728295 0.052854 -0.683223 0.005951 0.000602 0.996971 0.077768 1.008577 0.685264 -0.057049 0.726057 -0.014536 0.000000 0.000000 0.000000 1.000000
0.728294 0.052724 -0.683234 0.005964 0.000611 0.996985 0.077586 1.008559 0.685265 -0.056923 0.726066 -0.014607 0.000000 0.000000 0.000000 1.000000</float_array>
        <technique_common>
          <accessor source="#mixamorig_Hips-Matrix-animation-output-transform-array" count="60" stride="16">
            <param type="float4x4"/>
          </accessor>
        </technique_common>
      </source>
      <source id="mixamorig_Hips-Interpolations">
        <Name_array id="mixamorig_Hips-Interpolations-array" count="60">
 LINEAR LINEAR LINEAR LINEAR LINEAR LINEAR LINEAR LINEAR LINEAR LINEAR LINEAR
LINEAR LINEAR LINEAR LINEAR LINEAR LINEAR LINEAR LINEAR LINEAR LINEAR LINEAR LINEAR
LINEAR LINEAR LINEAR LINEAR LINEAR LINEAR LINEAR LINEAR LINEAR LINEAR LINEAR LINEAR
LINEAR LINEAR LINEAR LINEAR LINEAR LINEAR LINEAR LINEAR LINEAR LINEAR LINEAR LINEAR
LINEAR LINEAR LINEAR LINEAR LINEAR LINEAR LINEAR LINEAR LINEAR LINEAR LINEAR LINEAR
LINEAR</Name_array>
        <technique_common>
          <accessor source="#mixamorig_Hips-Interpolations-array" count="60">
            <param type="name"/>
          </accessor>
        </technique_common>
      </source>
      <sampler id="mixamorig_Hips-Matrix-animation-transform">
        <input semantic="INPUT" source="#mixamorig_Hips-Matrix-animation-input"/>
        <input semantic="OUTPUT" source="#mixamorig_Hips-Matrix-animation-output-transform"/>
        <input semantic="INTERPOLATION" source="#mixamorig_Hips-Interpolations"/>
      </sampler>
      <channel source="#mixamorig_Hips-Matrix-animation-transform" target="mixamorig_Hips/matrix"/>
      <source id="mixamorig_Spine-Matrix-animation-input">
        <float_array id="mixamorig_Spine-Matrix-animation-input-array" count="60">

0.000000 0.033333 0.066667 0.100000 0.133333 0.166667 0.200000 0.233333 0.266667 0.300000 0.333333 0.366667 0.400000 0.433333 0.466667 0.500000
0.533333 0.566667 0.600000 0.633333 0.666667 0.700000 0.733333 0.766667 0.800000 0.833333 0.866667 0.900000 0.933333 0.966667 1.000000 1.033333
1.066667 1.100000 1.133333 1.166667 1.200000 1.233333 1.266667 1.300000 1.333333 1.366667 1.400000 1.433333 1.466667 1.500000 1.533333 1.566667
1.600000 1.633333 1.666667 1.700000 1.733333 1.766667 1.800000 1.833333 1.866667 1.900000 1.933333 1.966667</float_array>
        <technique_common>
          <accessor source="#mixamorig_Spine-Matrix-animation-input-array" count="60">
            <param name="TIME" type="float"/>
          </accessor>
        </technique_common>
      </source>
      <source id="mixamorig_Spine-Matrix-animation-output-transform">
        <float_array id="mixamorig_Spine-Matrix-animation-output-transform-array" count="960">

0.996424 0.013658 0.083380 0.000000 -0.011362 0.999545 -0.027953 0.087100 -0.083724 0.026905 0.996126 -0.006400 0.000000 0.000000 0.000000 1.000000
0.996424 0.013662 0.083381 -0.000000 -0.011370 0.999546 -0.027902 0.087100 -0.083724 0.026854 0.996127 -0.006400 0.000000 0.000000 0.000000 1.000000
0.996424 0.013640 0.083383 0.000000 -0.011357 0.999549 -0.027794 0.087100 -0.083724 0.026747 0.996130 -0.006400 0.000000 0.000000 0.000000 1.000000
0.996430 0.013560 0.083333 -0.000000 -0.011292 0.999555 -0.027624 0.087100 -0.083670 0.026585 0.996139 -0.006400 0.000000 0.000000 0.000000 1.000000
0.996442 0.013427 0.083210 0.000000 -0.011182 0.999562 -0.027392 0.087100 -0.083541 0.026364 0.996156 -0.006400 0.000000 0.000000 0.000000 1.000000
0.996467 0.013220 0.082944 0.000000 -0.011005 0.999572 -0.027105 0.087100 -0.083267 0.026097 0.996186 -0.006400 0.000000 0.000000 0.000000 1.000000
0.996492 0.013013 0.082671 -0.000000 -0.010831 0.999583 -0.026781 0.087100 -0.082985 0.025791 0.996217 -0.006400 0.000000 0.000000 0.000000 1.000000
0.996508 0.012826 0.082511 0.000000 -0.010679 0.999594 -0.026408 0.087100 -0.082816 0.025435 0.996240 -0.006400 0.000000 0.000000 0.000000 1.000000
0.996513 0.012652 0.082469 -0.000000 -0.010541 0.999607 -0.025978 0.087100 -0.082766 0.025018 0.996255 -0.006400 0.000000 0.000000 0.000000 1.000000
0.996512 0.012481 0.082516 -0.000000 -0.010410 0.999621 -0.025478 0.087100 -0.082802 0.024531 0.996264 -0.006400 0.000000 0.000000 0.000000 1.000000
0.996506 0.012306 0.082607 0.000000 -0.010276 0.999636 -0.024953 0.087100 -0.082884 0.024017 0.996270 -0.006400 0.000000 0.000000 0.000000 1.000000
0.996500 0.012124 0.082711 0.000000 -0.010132 0.999649 -0.024460 0.087100 -0.082978 0.023537 0.996273 -0.006400 0.000000 0.000000 0.000000 1.000000
0.996497 0.011933 0.082769 -0.000000 -0.009976 0.999662 -0.024020 0.087100 -0.083028 0.023110 0.996279 -0.006400 0.000000 0.000000 0.000000 1.000000
0.996504 0.011727 0.082718 0.000000 -0.009804 0.999673 -0.023609 0.087100 -0.082968 0.022716 0.996293 -0.006400 0.000000 0.000000 0.000000 1.000000
0.996521 0.011487 0.082545 0.000000 -0.009603 0.999685 -0.023188 0.087100 -0.082785 0.022315 0.996318 -0.006400 0.000000 0.000000 0.000000 1.000000
0.996539 0.011230 0.082371 -0.000000 -0.009387 0.999698 -0.022727 0.087100 -0.082601 0.021875 0.996343 -0.006400 0.000000 0.000000 0.000000 1.000000
0.996546 0.010974 0.082308 0.000000 -0.009173 0.999711 -0.022233 0.087100 -0.082529 0.021402 0.996359 -0.006400 0.000000 0.000000 0.000000 1.000000
0.996544 0.010756 0.082368 -0.000000 -0.008993 0.999723 -0.021741 0.087100 -0.082579 0.020925 0.996365 -0.006400 0.000000 0.000000 0.000000 1.000000
0.996537 0.010573 0.082470 -0.000000 -0.008846 0.999734 -0.021281 0.087100 -0.082673 0.020478 0.996366 -0.006400 0.000000 0.000000 0.000000 1.000000
0.996534 0.010403 0.082528 0.000000 -0.008707 0.999744 -0.020883 0.087100 -0.082725 0.020092 0.996370 -0.006400 0.000000 0.000000 0.000000 1.000000
0.996538 0.010239 0.082508 0.000000 -0.008573 0.999753 -0.020524 0.087100 -0.082698 0.019746 0.996379 -0.006400 0.000000 0.000000 0.000000 1.000000
0.996545 0.010088 0.082438 0.000000 -0.008451 0.999761 -0.020184 0.087100 -0.082621 0.019418 0.996392 -0.006400 0.000000 0.000000 0.000000 1.000000
0.996552 0.009952 0.082372 0.000000 -0.008343 0.999768 -0.019851 0.087100 -0.082551 0.019095 0.996404 -0.006400 0.000000 0.000000 0.000000 1.000000
0.996555 0.009838 0.082346 -0.000000 -0.008255 0.999775 -0.019543 0.087100 -0.082520 0.018796 0.996412 -0.006400 0.000000 0.000000 0.000000 1.000000
0.996556 0.009748 0.082350 0.000000 -0.008185 0.999780 -0.019288 0.087100 -0.082520 0.018548 0.996417 -0.006400 0.000000 0.000000 0.000000 1.000000
0.996554 0.009694 0.082381 -0.000000 -0.008145 0.999784 -0.019117 0.087100 -0.082548 0.018380 0.996418 -0.006400 0.000000 0.000000 0.000000 1.000000
0.996551 0.009687 0.082421 -0.000000 -0.008142 0.999785 -0.019064 0.087100 -0.082588 0.018327 0.996415 -0.006400 0.000000 0.000000 0.000000 1.000000
0.996547 0.009733 0.082460 0.000000 -0.008180 0.999783 -0.019153 0.087100 -0.082629 0.018412 0.996410 -0.006400 0.000000 0.000000 0.000000 1.000000
0.996543 0.009811 0.082497 0.000000 -0.008240 0.999779 -0.019357 0.087100 -0.082669 0.018610 0.996403 -0.006400 0.000000 0.000000 0.000000 1.000000
0.996539 0.009905 0.082539 0.000000 -0.008312 0.999773 -0.019613 0.087100 -0.082714 0.018859 0.996395 -0.006400 0.000000 0.000000 0.000000 1.000000
0.996534 0.010011 0.082581 0.000000 -0.008395 0.999767 -0.019895 0.087100 -0.082761 0.019133 0.996386 -0.006400 0.000000 0.000000 0.000000 1.000000
0.996532 0.010124 0.082594 -0.000000 -0.008480 0.999759 -0.020236 0.087100 -0.082779 0.019465 0.996378 -0.006400 0.000000 0.000000 0.000000 1.000000
0.996533 0.010239 0.082565 0.000000 -0.008560 0.999750 -0.020658 0.087100 -0.082756 0.019880 0.996372 -0.006400 0.000000 0.000000 0.000000 1.000000
0.996536 0.010351 0.082514 0.000000 -0.008637 0.999740 -0.021098 0.087100 -0.082710 0.020312 0.996367 -0.006400 0.000000 0.000000 0.000000 1.000000
0.996537 0.010466 0.082487 0.000000 -0.008720 0.999731 -0.021496 0.087100 -0.082690 0.020703 0.996360 -0.006400 0.000000 0.000000 0.000000 1.000000
0.996533 0.010604 0.082520 -0.000000 -0.008829 0.999723 -0.021839 0.087100 -0.082728 0.021034 0.996350 -0.006400 0.000000 0.000000 0.000000 1.000000
0.996525 0.010766 0.082600 0.000000 -0.008963 0.999714 -0.022160 0.087100 -0.082815 0.021343 0.996336 -0.006400 0.000000 0.000000 0.000000 1.000000
0.996516 0.010939 0.082676 0.000000 -0.009108 0.999705 -0.022497 0.087100 -0.082898 0.021665 0.996323 -0.006400 0.000000 0.000000 0.000000 1.000000
0.996513 0.011096 0.082701 0.000000 -0.009233 0.999696 -0.022881 0.087100 -0.082929 0.022038 0.996312 -0.006400 0.000000 0.000000 0.000000 1.000000
0.996513 0.011210 0.082676 -0.000000 -0.009314 0.999685 -0.023284 0.087100 -0.082911 0.022433 0.996304 -0.006400 0.000000 0.000000 0.000000 1.000000
0.996515 0.011333 0.082636 -0.000000 -0.009407 0.999676 -0.023653 0.087100 -0.082877 0.022793 0.996299 -0.006400 0.000000 0.000000 0.000000 1.000000
0.996514 0.011478 0.082631 -0.000000 -0.009528 0.999668 -0.023959 0.087100 -0.082878 0.023089 0.996292 -0.006400 0.000000 0.000000 0.000000 1.000000
0.996508 0.011647 0.082687 -0.000000 -0.009673 0.999660 -0.024224 0.087100 -0.082941 0.023340 0.996281 -0.006400 0.000000 0.000000 0.000000 1.000000
0.996497 0.011834 0.082791 0.000000 -0.009837 0.999652 -0.024490 0.087100 -0.083052 0.023590 0.996266 -0.006400 0.000000 0.000000 0.000000 1.000000
0.996483 0.012037 0.082925 -0.000000 -0.010013 0.999643 -0.024788 0.087100 -0.083193 0.023870 0.996247 -0.006400 0.000000 0.000000 0.000000 1.000000
0.996470 0.012234 0.083054 0.000000 -0.010180 0.999633 -0.025107 0.087100 -0.083331 0.024173 0.996229 -0.006400 0.000000 0.000000 0.000000 1.000000
0.996460 0.012416 0.083142 -0.000000 -0.010333 0.999623 -0.025439 0.087100 -0.083427 0.024490 0.996213 -0.006400 0.000000 0.000000 0.000000 1.000000
0.996454 0.012587 0.083191 0.000000 -0.010476 0.999613 -0.025766 0.087100 -0.083483 0.024803 0.996200 -0.006400 0.000000 0.000000 0.000000 1.000000
0.996450 0.012744 0.083212 0.000000 -0.010607 0.999604 -0.026083 0.087100 -0.083511 0.025107 0.996190 -0.006400 0.000000 0.000000 0.000000 1.000000
0.996448 0.012890 0.083223 -0.000000 -0.010727 0.999594 -0.026381 0.087100 -0.083530 0.025395 0.996182 -0.006400 0.000000 0.000000 0.000000 1.000000
0.996445 0.013025 0.083234 -0.000000 -0.010839 0.999586 -0.026659 0.087100 -0.083547 0.025662 0.996173 -0.006400 0.000000 0.000000 0.000000 1.000000
0.996442 0.013145 0.083256 -0.000000 -0.010938 0.999578 -0.026914 0.087100 -0.083574 0.025908 0.996165 -0.006400 0.000000 0.000000 0.000000 1.000000
0.996436 0.013227 0.083304 0.000000 -0.010999 0.999571 -0.027138 0.087100 -0.083627 0.026125 0.996155 -0.006400 0.000000 0.000000 0.000000 1.000000
0.996431 0.013274 0.083360 -0.000000 -0.011030 0.999566 -0.027329 0.087100 -0.083686 0.026312 0.996145 -0.006400 0.000000 0.000000 0.000000 1.000000
0.996427 0.013315 0.083400 -0.000000 -0.011056 0.999561 -0.027497 0.087100 -0.083730 0.026477 0.996137 -0.006400 0.000000 0.000000 0.000000 1.000000
0.996425 0.013374 0.083412 0.000000 -0.011102 0.999556 -0.027650 0.087100 -0.083745 0.026625 0.996131 -0.006400 0.000000 0.000000 0.000000 1.000000
0.996425 0.013440 0.083408 0.000000 -0.011157 0.999552 -0.027778 0.087100 -0.083744 0.026749 0.996128 -0.006400 0.000000 0.000000 0.000000 1.000000
0.996424 0.013501 0.083405 -0.000000 -0.011210 0.999548 -0.027880 0.087100 -0.083744 0.026846 0.996126 -0.006400 0.000000 0.000000 0.000000 1.000000
0.996424 0.013545 0.083406 -0.000000 -0.011246 0.999545 -0.027974 0.087100 -0.083747 0.026936 0.996123 -0.006400 0.000000 0.000000 0.000000 1.000000
0.996423 0.013564 0.083407 -0.000000 -0.011262 0.999544 -0.028012 0.087100 -0.083749 0.026973 0.996122 -0.006400 0.000000 0.000000 0.000000 1.000000</float_array>
        <technique_common>
          <accessor source="#mixamorig_Spine-Matrix-animation-output-transform-array" count="60" stride="16">
            <param type="float4x4"/>
          </accessor>
        </technique_common>
      </source>
      <source id="mixamorig_Spine-Interpolations">
        <Name_array id="mixamorig_Spine-Interpolations-array" count="60">
 LINEAR LINEAR LINEAR LINEAR LINEAR LINEAR LINEAR LINEAR LINEAR LINEAR LINEAR
LINEAR LINEAR LINEAR LINEAR LINEAR LINEAR LINEAR LINEAR LINEAR LINEAR LINEAR LINEAR
LINEAR LINEAR LINEAR LINEAR LINEAR LINEAR LINEAR LINEAR LINEAR LINEAR LINEAR LINEAR
LINEAR LINEAR LINEAR LINEAR LINEAR LINEAR LINEAR LINEAR LINEAR LINEAR LINEAR LINEAR
LINEAR LINEAR LINEAR LINEAR LINEAR LINEAR LINEAR LINEAR LINEAR LINEAR LINEAR LINEAR
LINEAR</Name_array>
        <technique_common>
          <accessor source="#mixamorig_Spine-Interpolations-array" count="60">
            <param type="name"/>
          </accessor>
        </technique_common>
      </source>
      <sampler id="mixamorig_Spine-Matrix-animation-transform">
        <input semantic="INPUT" source="#mixamorig_Spine-Matrix-animation-input"/>
        <input semantic="OUTPUT" source="#mixamorig_Spine-Matrix-animation-output-transform"/>
        <input semantic="INTERPOLATION" source="#mixamorig_Spine-Interpolations"/>
      </sampler>
      <channel source="#mixamorig_Spine-Matrix-animation-transform" target="mixamorig_Spine/matrix"/>
      <source id="mixamorig_Spine1-Matrix-animation-input">
        <float_array id="mixamorig_Spine1-Matrix-animation-input-array" count="60">

0.000000 0.033333 0.066667 0.100000 0.133333 0.166667 0.200000 0.233333 0.266667 0.300000 0.333333 0.366667 0.400000 0.433333 0.466667 0.500000
0.533333 0.566667 0.600000 0.633333 0.666667 0.700000 0.733333 0.766667 0.800000 0.833333 0.866667 0.900000 0.933333 0.966667 1.000000 1.033333
1.066667 1.100000 1.133333 1.166667 1.200000 1.233333 1.266667 1.300000 1.333333 1.366667 1.400000 1.433333 1.466667 1.500000 1.533333 1.566667
1.600000 1.633333 1.666667 1.700000 1.733333 1.766667 1.800000 1.833333 1.866667 1.900000 1.933333 1.966667</float_array>
        <technique_common>
          <accessor source="#mixamorig_Spine1-Matrix-animation-input-array" count="60">
            <param name="TIME" type="float"/>
          </accessor>
        </technique_common>
      </source>
      <source id="mixamorig_Spine1-Matrix-animation-output-transform">
        <float_array id="mixamorig_Spine1-Matrix-animation-output-transform-array" count="960">

0.986184 0.041439 0.160387 0.000000 -0.008366 0.979430 -0.201611 0.101900 -0.165442 0.197484 0.966245 0.000000 0.000000 0.000000 0.000000 1.000000
0.986184 0.041409 0.160393 0.000000 -0.008353 0.979451 -0.201509 0.101900 -0.165441 0.197385 0.966265 -0.000000 0.000000 0.000000 0.000000 1.000000
0.986185 0.041340 0.160405 0.000000 -0.008318 0.979496 -0.201294 0.101900 -0.165438 0.197179 0.966308 -0.000000 0.000000 0.000000 0.000000 1.000000
0.986204 0.041203 0.160325 0.000000 -0.008256 0.979564 -0.200962 0.101900 -0.165329 0.196866 0.966390 0.000000 0.000000 0.000000 0.000000 1.000000
0.986247 0.040994 0.160111 0.000000 -0.008169 0.979658 -0.200509 0.101900 -0.165074 0.196443 0.966520 -0.000000 0.000000 0.000000 0.000000 1.000000
0.986341 0.040636 0.159627 0.000000 -0.008006 0.979774 -0.199946 0.101900 -0.164524 0.195937 0.966716 0.000000 0.000000 0.000000 0.000000 1.000000
0.986435 0.040274 0.159132 0.000000 -0.007855 0.979905 -0.199310 0.101900 -0.163962 0.195357 0.966929 0.000000 0.000000 0.000000 0.000000 1.000000
0.986492 0.039964 0.158861 0.000000 -0.007724 0.980054 -0.198581 0.101900 -0.163628 0.194671 0.967124 0.000000 0.000000 0.000000 0.000000 1.000000
0.986508 0.039698 0.158829 0.000000 -0.007609 0.980225 -0.197739 0.101900 -0.163538 0.193862 0.967302 0.000000 0.000000 0.000000 0.000000 1.000000
0.986494 0.039462 0.158973 -0.000000 -0.007511 0.980422 -0.196763 0.101900 -0.163626 0.192912 0.967477 -0.000000 0.000000 0.000000 0.000000 1.000000
0.986465 0.039236 0.159208 0.000000 -0.007413 0.980628 -0.195738 0.101900 -0.163804 0.191909 0.967646 0.000000 0.000000 0.000000 0.000000 1.000000
0.986433 0.038999 0.159463 0.000000 -0.007290 0.980821 -0.194775 0.101900 -0.164001 0.190970 0.967799 0.000000 0.000000 0.000000 0.000000 1.000000
0.986418 0.038719 0.159628 -0.000000 -0.007126 0.980993 -0.193911 0.101900 -0.164102 0.190139 0.967945 0.000000 0.000000 0.000000 0.000000 1.000000
0.986440 0.038377 0.159575 0.000000 -0.006934 0.981154 -0.193103 0.101900 -0.163978 0.189378 0.968115 -0.000000 0.000000 0.000000 0.000000 1.000000
0.986502 0.037975 0.159285 0.000000 -0.006730 0.981318 -0.192276 0.101900 -0.163611 0.188608 0.968328 0.000000 0.000000 0.000000 0.000000 1.000000
0.986563 0.037566 0.159001 0.000000 -0.006531 0.981496 -0.191371 0.101900 -0.163248 0.187761 0.968553 0.000000 0.000000 0.000000 0.000000 1.000000
0.986587 0.037194 0.158942 -0.000000 -0.006334 0.981685 -0.190405 0.101900 -0.163113 0.186844 0.968754 0.000000 0.000000 0.000000 0.000000 1.000000
0.986569 0.036905 0.159121 0.000000 -0.006174 0.981873 -0.189441 0.101900 -0.163228 0.185915 0.968913 0.000000 0.000000 0.000000 0.000000 1.000000
0.986537 0.036676 0.159375 0.000000 -0.006050 0.982046 -0.188542 0.101900 -0.163429 0.185040 0.969047 0.000000 0.000000 0.000000 0.000000 1.000000
0.986519 0.036456 0.159537 0.000000 -0.005932 0.982196 -0.187764 0.101900 -0.163542 0.184287 0.969171 -0.000000 0.000000 0.000000 0.000000 1.000000
0.986526 0.036230 0.159540 0.000000 -0.005824 0.982331 -0.187062 0.101900 -0.163498 0.183612 0.969306 0.000000 0.000000 0.000000 0.000000 1.000000
0.986550 0.036025 0.159441 0.000000 -0.005751 0.982457 -0.186398 0.101900 -0.163359 0.182974 0.969451 0.000000 0.000000 0.000000 0.000000 1.000000
0.986570 0.035856 0.159352 0.000000 -0.005708 0.982581 -0.185750 0.101900 -0.163237 0.182345 0.969590 -0.000000 0.000000 0.000000 0.000000 1.000000
0.986578 0.035723 0.159337 0.000000 -0.005680 0.982694 -0.185150 0.101900 -0.163194 0.181760 0.969707 -0.000000 0.000000 0.000000 0.000000 1.000000
0.986575 0.035628 0.159376 0.000000 -0.005661 0.982787 -0.184655 0.101900 -0.163211 0.181274 0.969795 -0.000000 0.000000 0.000000 0.000000 1.000000
0.986563 0.035588 0.159457 0.000000 -0.005662 0.982849 -0.184323 0.101900 -0.163282 0.180943 0.969845 0.000000 0.000000 0.000000 0.000000 1.000000
0.986547 0.035630 0.159546 -0.000000 -0.005704 0.982868 -0.184224 0.101900 -0.163376 0.180835 0.969849 0.000000 0.000000 0.000000 0.000000 1.000000
0.986530 0.035766 0.159620 0.000000 -0.005795 0.982834 -0.184404 0.101900 -0.163475 0.180995 0.969803 -0.000000 0.000000 0.000000 0.000000 1.000000
0.986514 0.035960 0.159680 -0.000000 -0.005909 0.982756 -0.184811 0.101900 -0.163573 0.181375 0.969715 -0.000000 0.000000 0.000000 0.000000 1.000000
0.986495 0.036181 0.159743 -0.000000 -0.006032 0.982660 -0.185321 0.101900 -0.163679 0.181855 0.969607 0.000000 0.000000 0.000000 0.000000 1.000000
0.986478 0.036393 0.159799 0.000000 -0.006138 0.982554 -0.185878 0.101900 -0.163776 0.182384 0.969491 -0.000000 0.000000 0.000000 0.000000 1.000000
0.986473 0.036586 0.159790 -0.000000 -0.006219 0.982426 -0.186547 0.101900 -0.163807 0.183030 0.969364 -0.000000 0.000000 0.000000 0.000000 1.000000
0.986482 0.036762 0.159692 0.000000 -0.006273 0.982269 -0.187375 0.101900 -0.163749 0.183840 0.969221 -0.000000 0.000000 0.000000 0.000000 1.000000
0.986498 0.036932 0.159553 0.000000 -0.006323 0.982104 -0.188235 0.101900 -0.163649 0.184685 0.969077 -0.000000 0.000000 0.000000 0.000000 1.000000
0.986506 0.037114 0.159465 0.000000 -0.006389 0.981953 -0.189017 0.101900 -0.163602 0.185447 0.968939 0.000000 0.000000 0.000000 0.000000 1.000000
0.986493 0.037328 0.159495 0.000000 -0.006483 0.981823 -0.189688 0.101900 -0.163677 0.186092 0.968803 0.000000 0.000000 0.000000 0.000000 1.000000
0.986464 0.037571 0.159618 -0.000000 -0.006595 0.981700 -0.190318 0.101900 -0.163848 0.186689 0.968659 0.000000 0.000000 0.000000 0.000000 1.000000
0.986437 0.037819 0.159724 0.000000 -0.006710 0.981572 -0.190975 0.101900 -0.164003 0.187313 0.968513 0.000000 0.000000 0.000000 0.000000 1.000000
0.986429 0.038020 0.159727 0.000000 -0.006782 0.981425 -0.191724 0.101900 -0.164050 0.188039 0.968364 -0.000000 0.000000 0.000000 0.000000 1.000000
0.986439 0.038140 0.159633 -0.000000 -0.006787 0.981272 -0.192508 0.101900 -0.163985 0.188814 0.968224 -0.000000 0.000000 0.000000 0.000000 1.000000
0.986454 0.038284 0.159508 0.000000 -0.006833 0.981130 -0.193226 0.101900 -0.163896 0.189519 0.968102 0.000000 0.000000 0.000000 0.000000 1.000000
0.986455 0.038475 0.159458 0.000000 -0.006931 0.981012 -0.193825 0.101900 -0.163888 0.190095 0.967990 0.000000 0.000000 0.000000 0.000000 1.000000
0.986434 0.038709 0.159530 0.000000 -0.007062 0.980908 -0.194343 0.101900 -0.164007 0.190579 0.967875 -0.000000 0.000000 0.000000 0.000000 1.000000
0.986397 0.038973 0.159697 0.000000 -0.007204 0.980804 -0.194863 0.101900 -0.164225 0.191061 0.967743 -0.000000 0.000000 0.000000 0.000000 1.000000
0.986350 0.039262 0.159915 0.000000 -0.007350 0.980688 -0.195443 0.101900 -0.164500 0.191599 0.967589 0.000000 0.000000 0.000000 0.000000 1.000000
0.986305 0.039539 0.160124 0.000000 -0.007478 0.980562 -0.196065 0.101900 -0.164764 0.192183 0.967429 0.000000 0.000000 0.000000 0.000000 1.000000
0.986274 0.039783 0.160253 0.000000 -0.007585 0.980432 -0.196712 0.101900 -0.164943 0.192796 0.967276 -0.000000 0.000000 0.000000 0.000000 1.000000
0.986257 0.040003 0.160302 0.000000 -0.007685 0.980303 -0.197349 0.101900 -0.165039 0.193405 0.967138 0.000000 0.000000 0.000000 0.000000 1.000000
0.986249 0.040200 0.160300 0.000000 -0.007776 0.980178 -0.197965 0.101900 -0.165081 0.193996 0.967013 -0.000000 0.000000 0.000000 0.000000 1.000000
0.986245 0.040375 0.160282 0.000000 -0.007855 0.980060 -0.198545 0.101900 -0.165103 0.194555 0.966897 0.000000 0.000000 0.000000 0.000000 1.000000
0.986241 0.040531 0.160268 -0.000000 -0.007920 0.979950 -0.199084 0.101900 -0.165124 0.195076 0.966788 -0.000000 0.000000 0.000000 0.000000 1.000000
0.986234 0.040667 0.160278 0.000000 -0.007969 0.979849 -0.199579 0.101900 -0.165164 0.195555 0.966685 0.000000 0.000000 0.000000 0.000000 1.000000
0.986218 0.040768 0.160347 0.000000 -0.007981 0.979761 -0.200013 0.101900 -0.165256 0.195976 0.966584 0.000000 0.000000 0.000000 0.000000 1.000000
0.986201 0.040831 0.160437 0.000000 -0.007963 0.979685 -0.200383 0.101900 -0.165360 0.196341 0.966492 -0.000000 0.000000 0.000000 0.000000 1.000000
0.986188 0.040890 0.160501 0.000000 -0.007952 0.979618 -0.200711 0.101900 -0.165437 0.196662 0.966413 -0.000000 0.000000 0.000000 0.000000 1.000000
0.986184 0.040985 0.160506 0.000000 -0.007994 0.979556 -0.201011 0.101900 -0.165463 0.196950 0.966350 -0.000000 0.000000 0.000000 0.000000 1.000000
0.986183 0.041084 0.160482 0.000000 -0.008054 0.979504 -0.201262 0.101900 -0.165462 0.197189 0.966302 0.000000 0.000000 0.000000 0.000000 1.000000
0.986183 0.041169 0.160462 0.000000 -0.008109 0.979463 -0.201461 0.101900 -0.165460 0.197377 0.966264 0.000000 0.000000 0.000000 0.000000 1.000000
0.986183 0.041221 0.160451 0.000000 -0.008132 0.979425 -0.201643 0.101900 -0.165462 0.197552 0.966228 0.000000 0.000000 0.000000 0.000000 1.000000
0.986182 0.041243 0.160447 0.000000 -0.008142 0.979410 -0.201718 0.101900 -0.165463 0.197624 0.966213 0.000000 0.000000 0.000000 0.000000 1.000000</float_array>
        <technique_common>
          <accessor source="#mixamorig_Spine1-Matrix-animation-output-transform-array" count="60" stride="16">
            <param type="float4x4"/>
          </accessor>
        </technique_common>
      </source>
      <source id="mixamorig_Spine1-Interpolations">
        <Name_array id="mixamorig_Spine1-Interpolations-array" count="60">
 LINEAR LINEAR LINEAR LINEAR LINEAR LINEAR LINEAR LINEAR LINEAR LINEAR LINEAR
LINEAR LINEAR LINEAR LINEAR LINEAR LINEAR LINEAR LINEAR LINEAR LINEAR LINEAR LINEAR
LINEAR LINEAR LINEAR LINEAR LINEAR LINEAR LINEAR LINEAR LINEAR LINEAR LINEAR LINEAR
LINEAR LINEAR LINEAR LINEAR LINEAR LINEAR LINEAR LINEAR LINEAR LINEAR LINEAR LINEAR
LINEAR LINEAR LINEAR LINEAR LINEAR LINEAR LINEAR LINEAR LINEAR LINEAR LINEAR LINEAR
LINEAR</Name_array>
        <technique_common>
          <accessor source="#mixamorig_Spine1-Interpolations-array" count="60">
            <param type="name"/>
          </accessor>
        </technique_common>
      </source>
      <sampler id="mixamorig_Spine1-Matrix-animation-transform">
        <input semantic="INPUT" source="#mixamorig_Spine1-Matrix-animation-input"/>
        <input semantic="OUTPUT" source="#mixamorig_Spine1-Matrix-animation-output-transform"/>
        <input semantic="INTERPOLATION" source="#mixamorig_Spine1-Interpolations"/>
      </sampler>
      <channel source="#mixamorig_Spine1-Matrix-animation-transform" target="mixamorig_Spine1/matrix"/>
      <source id="mixamorig_Spine2-Matrix-animation-input">
        <float_array id="mixamorig_Spine2-Matrix-animation-input-array" count="60">

0.000000 0.033333 0.066667 0.100000 0.133333 0.166667 0.200000 0.233333 0.266667 0.300000 0.333333 0.366667 0.400000 0.433333 0.466667 0.500000
0.533333 0.566667 0.600000 0.633333 0.666667 0.700000 0.733333 0.766667 0.800000 0.833333 0.866667 0.900000 0.933333 0.966667 1.000000 1.033333
1.066667 1.100000 1.133333 1.166667 1.200000 1.233333 1.266667 1.300000 1.333333 1.366667 1.400000 1.433333 1.466667 1.500000 1.533333 1.566667
1.600000 1.633333 1.666667 1.700000 1.733333 1.766667 1.800000 1.833333 1.866667 1.900000 1.933333 1.966667</float_array>
        <technique_common>
          <accessor source="#mixamorig_Spine2-Matrix-animation-input-array" count="60">
            <param name="TIME" type="float"/>
          </accessor>
        </technique_common>
      </source>
      <source id="mixamorig_Spine2-Matrix-animation-output-transform">
        <float_array id="mixamorig_Spine2-Matrix-animation-output-transform-array" count="960">

0.986184 0.041439 0.160386 0.000000 -0.008366 0.979430 -0.201611 0.116500 -0.165442 0.197484 0.966245 0.000000 0.000000 0.000000 0.000000 1.000000
0.986184 0.041409 0.160392 0.000000 -0.008353 0.979451 -0.201509 0.116500 -0.165441 0.197385 0.966265 0.000000 0.000000 0.000000 0.000000 1.000000
0.986185 0.041340 0.160406 0.000000 -0.008318 0.979496 -0.201294 0.116500 -0.165438 0.197179 0.966308 0.000000 0.000000 0.000000 0.000000 1.000000
0.986204 0.041203 0.160325 -0.000000 -0.008256 0.979564 -0.200962 0.116500 -0.165329 0.196866 0.966390 0.000000 0.000000 0.000000 0.000000 1.000000
0.986247 0.040994 0.160111 -0.000000 -0.008169 0.979658 -0.200509 0.116500 -0.165074 0.196443 0.966520 -0.000000 0.000000 0.000000 0.000000 1.000000
0.986341 0.040636 0.159628 0.000000 -0.008006 0.979774 -0.199946 0.116500 -0.164524 0.195937 0.966716 0.000000 0.000000 0.000000 0.000000 1.000000
0.986435 0.040274 0.159132 0.000000 -0.007855 0.979905 -0.199310 0.116500 -0.163962 0.195357 0.966929 -0.000000 0.000000 0.000000 0.000000 1.000000
0.986492 0.039964 0.158861 0.000000 -0.007724 0.980054 -0.198581 0.116500 -0.163628 0.194671 0.967124 0.000000 0.000000 0.000000 0.000000 1.000000
0.986508 0.039698 0.158829 0.000000 -0.007609 0.980225 -0.197739 0.116500 -0.163538 0.193862 0.967302 0.000000 0.000000 0.000000 0.000000 1.000000
0.986494 0.039462 0.158974 0.000000 -0.007511 0.980422 -0.196763 0.116500 -0.163626 0.192912 0.967477 0.000000 0.000000 0.000000 0.000000 1.000000
0.986465 0.039236 0.159208 -0.000000 -0.007413 0.980628 -0.195738 0.116500 -0.163804 0.191909 0.967646 0.000000 0.000000 0.000000 0.000000 1.000000
0.986433 0.038999 0.159463 0.000000 -0.007290 0.980821 -0.194775 0.116500 -0.164001 0.190970 0.967799 0.000000 0.000000 0.000000 0.000000 1.000000
0.986418 0.038719 0.159628 0.000000 -0.007126 0.980993 -0.193910 0.116500 -0.164102 0.190139 0.967945 0.000000 0.000000 0.000000 0.000000 1.000000
0.986440 0.038377 0.159575 0.000000 -0.006934 0.981154 -0.193103 0.116500 -0.163978 0.189378 0.968115 0.000000 0.000000 0.000000 0.000000 1.000000
0.986502 0.037975 0.159285 -0.000000 -0.006730 0.981318 -0.192276 0.116500 -0.163611 0.188608 0.968328 0.000000 0.000000 0.000000 0.000000 1.000000
0.986563 0.037566 0.159001 0.000000 -0.006531 0.981496 -0.191371 0.116500 -0.163248 0.187761 0.968553 0.000000 0.000000 0.000000 0.000000 1.000000
0.986587 0.037194 0.158942 -0.000000 -0.006334 0.981685 -0.190405 0.116500 -0.163113 0.186844 0.968754 0.000000 0.000000 0.000000 0.000000 1.000000
0.986569 0.036905 0.159121 0.000000 -0.006174 0.981873 -0.189441 0.116500 -0.163228 0.185915 0.968913 0.000000 0.000000 0.000000 0.000000 1.000000
0.986537 0.036676 0.159375 -0.000000 -0.006050 0.982046 -0.188542 0.116500 -0.163429 0.185040 0.969047 0.000000 0.000000 0.000000 0.000000 1.000000
0.986518 0.036456 0.159537 -0.000000 -0.005932 0.982196 -0.187764 0.116500 -0.163542 0.184287 0.969171 0.000000 0.000000 0.000000 0.000000 1.000000
0.986527 0.036229 0.159539 -0.000000 -0.005824 0.982331 -0.187062 0.116500 -0.163498 0.183612 0.969307 0.000000 0.000000 0.000000 0.000000 1.000000
0.986550 0.036025 0.159441 0.000000 -0.005751 0.982457 -0.186398 0.116500 -0.163359 0.182974 0.969451 0.000000 0.000000 0.000000 0.000000 1.000000
0.986570 0.035856 0.159352 0.000000 -0.005708 0.982581 -0.185750 0.116500 -0.163237 0.182345 0.969590 0.000000 0.000000 0.000000 0.000000 1.000000
0.986578 0.035723 0.159337 -0.000000 -0.005680 0.982694 -0.185150 0.116500 -0.163194 0.181759 0.969707 -0.000000 0.000000 0.000000 0.000000 1.000000
0.986575 0.035628 0.159376 0.000000 -0.005661 0.982787 -0.184655 0.116500 -0.163211 0.181274 0.969795 -0.000000 0.000000 0.000000 0.000000 1.000000
0.986563 0.035588 0.159457 0.000000 -0.005662 0.982849 -0.184323 0.116500 -0.163282 0.180943 0.969845 0.000000 0.000000 0.000000 0.000000 1.000000
0.986547 0.035630 0.159546 -0.000000 -0.005704 0.982868 -0.184224 0.116500 -0.163377 0.180835 0.969849 -0.000000 0.000000 0.000000 0.000000 1.000000
