<?xml version="1.0" encoding="utf-8"?>
<COLLADA xmlns="http://www.collada.org/2005/11/COLLADASchema" version="1.4.1">
  <asset>
    <contributor>
      <author>Mixamo</author>
      <authoring_tool>COLLADA Mixamo exporter</authoring_tool>
      <comments/>
    </contributor>
    <created>2019-05-31T20:31:39Z</created>
    <modified>2019-05-31T20:31:39Z</modified>
    <revision/>
    <title/>
    <unit meter="0.010000"/>
    <up_axis>Y_UP</up_axis>
  </asset>
  <library_animations>
    <animation>
      <source id="mixamorig_Hips-Matrix-animation-input">
        <float_array id="mixamorig_Hips-Matrix-animation-input-array" count="20">

0.000000 0.033333 0.066667 0.100000 0.133333 0.166667 0.200000 0.233333 0.266667 0.300000 0.333333 0.366667 0.400000 0.433333 0.466667 0.500000
0.533333 0.566667 0.600000 0.633333</float_array>
        <technique_common>
          <accessor source="#mixamorig_Hips-Matrix-animation-input-array" count="20">
            <param name="TIME" type="float"/>
          </accessor>
        </technique_common>
      </source>
      <source id="mixamorig_Hips-Matrix-animation-output-transform">
        <float_array id="mixamorig_Hips-Matrix-animation-output-transform-array" count="320">

0.993955 0.089723 0.063264 -0.005468 -0.019375 0.710576 -0.703353 0.853630 -0.108061 0.697876 0.708020 -0.012641 0.000000 0.000000 0.000000 1.000000
0.996221 0.063155 0.059633 -0.004227 -0.003469 0.714922 -0.699196 0.859654 -0.086790 0.696346 0.712439 0.127424 0.000000 0.000000 0.000000 1.000000
0.996663 0.039118 0.071647 -0.005520 0.021861 0.717729 -0.695979 0.869083 -0.078648 0.695223 0.714479 0.275675 0.000000 0.000000 0.000000 1.000000
0.995039 0.035741 0.092842 -0.007147 0.038633 0.721174 -0.691676 0.877843 -0.091677 0.691831 0.716216 0.430889 0.000000 0.000000 0.000000 1.000000
0.991997 0.058268 0.112015 -0.007517 0.034595 0.727775 -0.684943 0.883442 -0.121432 0.683336 0.719935 0.590039 0.000000 0.000000 0.000000 1.000000
0.989200 0.087238 0.117784 -0.003555 0.015430 0.737144 -0.675560 0.883509 -0.145758 0.670081 0.727837 0.741765 0.000000 0.000000 0.000000 1.000000
0.988563 0.100117 0.112786 0.004590 0.000179 0.747080 -0.664735 0.879544 -0.150811 0.657152 0.738517 0.883007 0.000000 0.000000 0.000000 1.000000
0.990367 0.084891 0.109397 0.013764 0.007923 0.754005 -0.656821 0.873861 -0.138244 0.651360 0.746069 1.016595 0.000000 0.000000 0.000000 1.000000
0.991888 0.057346 0.113445 0.020607 0.031428 0.754116 -0.655989 0.868750 -0.123169 0.654233 0.746196 1.152646 0.000000 0.000000 0.000000 1.000000
0.991780 0.048129 0.118560 0.023805 0.043078 0.746891 -0.663550 0.869151 -0.120488 0.663203 0.738678 1.297377 0.000000 0.000000 0.000000 1.000000
0.990787 0.067435 0.117446 0.025707 0.030502 0.733821 -0.678657 0.878321 -0.131949 0.675987 0.725004 1.451950 0.000000 0.000000 0.000000 1.000000
0.988833 0.097579 0.112635 0.029061 0.008687 0.716787 -0.697238 0.891310 -0.148771 0.690431 0.707935 1.616793 0.000000 0.000000 0.000000 1.000000
0.987165 0.108678 0.117024 0.034697 0.007229 0.701592 -0.712542 0.901957 -0.159541 0.704242 0.691802 1.791033 0.000000 0.000000 0.000000 1.000000
0.986455 0.090253 0.136970 0.040071 0.035867 0.696136 -0.717013 0.904961 -0.160062 0.712214 0.683470 1.965738 0.000000 0.000000 0.000000 1.000000
0.984894 0.059822 0.162499 0.040181 0.073904 0.703452 -0.706890 0.902919 -0.156598 0.708221 0.688404 2.133264 0.000000 0.000000 0.000000 1.000000
0.983888 0.041144 0.173987 0.033062 0.091894 0.718392 -0.689543 0.895534 -0.153362 0.694421 0.703036 2.286695 0.000000 0.000000 0.000000 1.000000
0.985634 0.047595 0.162050 0.021601 0.076259 0.730690 -0.678437 0.884234 -0.150699 0.681048 0.716564 2.432065 0.000000 0.000000 0.000000 1.000000
0.988888 0.070768 0.130737 0.009861 0.037472 0.732373 -0.679872 0.872247 -0.143861 0.677216 0.721583 2.576060 0.000000 0.000000 0.000000 1.000000
0.991492 0.089987 0.094054 0.000674 -0.000212 0.723672 -0.690144 0.861241 -0.130168 0.684252 0.717534 2.725594 0.000000 0.000000 0.000000 1.000000
0.993955 0.089723 0.063264 -0.005468 -0.019375 0.710576 -0.703353 0.853630 -0.108061 0.697876 0.708020 2.883751 0.000000 0.000000 0.000000 1.000000</float_array>
        <technique_common>
          <accessor source="#mixamorig_Hips-Matrix-animation-output-transform-array" count="20" stride="16">
            <param type="float4x4"/>
          </accessor>
        </technique_common>
      </source>
      <source id="mixamorig_Hips-Interpolations">
        <Name_array id="mixamorig_Hips-Interpolations-array" count="20">
 LINEAR LINEAR LINEAR LINEAR LINEAR LINEAR LINEAR LINEAR LINEAR LINEAR LINEAR
LINEAR LINEAR LINEAR LINEAR LINEAR LINEAR LINEAR LINEAR LINEAR</Name_array>
        <technique_common>
          <accessor source="#mixamorig_Hips-Interpolations-array" count="20">
            <param type="name"/>
          </accessor>
        </technique_common>
      </source>
      <sampler id="mixamorig_Hips-Matrix-animation-transform">
        <input semantic="INPUT" source="#mixamorig_Hips-Matrix-animation-input"/>
        <input semantic="OUTPUT" source="#mixamorig_Hips-Matrix-animation-output-transform"/>
        <input semantic="INTERPOLATION" source="#mixamorig_Hips-Interpolations"/>
      </sampler>
      <channel source="#mixamorig_Hips-Matrix-animation-transform" target="mixamorig_Hips/matrix"/>
      <source id="mixamorig_Spine-Matrix-animation-input">
        <float_array id="mixamorig_Spine-Matrix-animation-input-array" count="20">

0.000000 0.033333 0.066667 0.100000 0.133333 0.166667 0.200000 0.233333 0.266667 0.300000 0.333333 0.366667 0.400000 0.433333 0.466667 0.500000
0.533333 0.566667 0.600000 0.633333</float_array>
        <technique_common>
          <accessor source="#mixamorig_Spine-Matrix-animation-input-array" count="20">
            <param name="TIME" type="float"/>
          </accessor>
        </technique_common>
      </source>
      <source id="mixamorig_Spine-Matrix-animation-output-transform">
        <float_array id="mixamorig_Spine-Matrix-animation-output-transform-array" count="320">

0.999644 -0.025126 0.008928 -0.000000 0.026622 0.959475 -0.280535 0.087100 -0.001518 0.280673 0.959802 -0.006400 0.000000 0.000000 0.000000 1.000000
0.999597 0.015723 0.023651 0.000000 -0.008872 0.963968 -0.265869 0.087100 -0.026979 0.265552 0.963719 -0.006400 0.000000 0.000000 0.000000 1.000000
0.997354 0.060846 0.039773 -0.000000 -0.049600 0.969615 -0.239556 0.087100 -0.053141 0.236949 0.970068 -0.006400 0.000000 0.000000 0.000000 1.000000
0.994314 0.088763 0.058832 -0.000000 -0.074728 0.975192 -0.208364 0.087100 -0.075867 0.202782 0.976280 -0.006400 0.000000 0.000000 0.000000 1.000000
0.994002 0.085152 0.068628 0.000000 -0.070981 0.979697 -0.187496 0.087100 -0.083200 0.181500 0.979865 -0.006400 0.000000 0.000000 0.000000 1.000000
0.996642 0.059800 0.055943 0.000000 -0.048066 0.980301 -0.191569 0.087100 -0.066297 0.188237 0.979883 -0.006400 0.000000 0.000000 0.000000 1.000000
0.999179 0.033130 0.023299 0.000000 -0.027216 0.975219 -0.219563 0.087100 -0.029995 0.218748 0.975320 -0.006400 0.000000 0.000000 0.000000 1.000000
0.999639 0.023187 -0.013537 0.000000 -0.025866 0.966883 -0.253908 0.087100 0.007202 0.254166 0.967134 -0.006400 0.000000 0.000000 0.000000 1.000000
0.998863 0.024667 -0.040806 0.000000 -0.035063 0.959941 -0.278001 0.087100 0.032314 0.279115 0.959714 -0.006400 0.000000 0.000000 0.000000 1.000000
0.998292 0.015551 -0.056316 0.000000 -0.031043 0.957780 -0.285822 0.087100 0.049493 0.287082 0.956626 -0.006400 0.000000 0.000000 0.000000 1.000000
0.997399 -0.015890 -0.070303 0.000000 -0.004042 0.961530 -0.274672 0.087100 0.071963 0.274242 0.958964 -0.006400 0.000000 0.000000 0.000000 1.000000
0.993635 -0.060201 -0.095211 0.000000 0.035392 0.969256 -0.243494 0.087100 0.106942 0.238575 0.965218 -0.006400 0.000000 0.000000 0.000000 1.000000
0.986799 -0.092410 -0.132995 -0.000000 0.064439 0.977459 -0.201052 0.087100 0.148576 0.189828 0.970510 -0.006400 0.000000 0.000000 0.000000 1.000000
0.981859 -0.097408 -0.162681 -0.000000 0.069634 0.983246 -0.168459 0.087100 0.176365 0.154075 0.972192 -0.006400 0.000000 0.000000 0.000000 1.000000
0.983501 -0.081915 -0.161291 0.000000 0.054844 0.984658 -0.165654 0.087100 0.172386 0.154075 0.972905 -0.006400 0.000000 0.000000 0.000000 1.000000
0.989542 -0.061698 -0.130380 0.000000 0.035711 0.980553 -0.192979 0.087100 0.139751 0.186305 0.972502 -0.006400 0.000000 0.000000 0.000000 1.000000
0.994546 -0.051413 -0.090744 0.000000 0.029099 0.972291 -0.231958 0.087100 0.100155 0.228052 0.968484 -0.006400 0.000000 0.000000 0.000000 1.000000
0.997286 -0.049997 -0.054051 0.000000 0.034055 0.964078 -0.263429 0.087100 0.065280 0.260873 0.963163 -0.006400 0.000000 0.000000 0.000000 1.000000
0.998764 -0.044804 -0.021540 0.000000 0.037008 0.959402 -0.279605 0.087100 0.033193 0.278462 0.959874 -0.006400 0.000000 0.000000 0.000000 1.000000
0.999644 -0.025126 0.008928 0.000000 0.026622 0.959475 -0.280535 0.087100 -0.001518 0.280673 0.959802 -0.006400 0.000000 0.000000 0.000000 1.000000</float_array>
        <technique_common>
          <accessor source="#mixamorig_Spine-Matrix-animation-output-transform-array" count="20" stride="16">
            <param type="float4x4"/>
          </accessor>
        </technique_common>
      </source>
      <source id="mixamorig_Spine-Interpolations">
        <Name_array id="mixamorig_Spine-Interpolations-array" count="20">
 LINEAR LINEAR LINEAR LINEAR LINEAR LINEAR LINEAR LINEAR LINEAR LINEAR LINEAR
LINEAR LINEAR LINEAR LINEAR LINEAR LINEAR LINEAR LINEAR LINEAR</Name_array>
        <technique_common>
          <accessor source="#mixamorig_Spine-Interpolations-array" count="20">
            <param type="name"/>
          </accessor>
        </technique_common>
      </source>
      <sampler id="mixamorig_Spine-Matrix-animation-transform">
        <input semantic="INPUT" source="#mixamorig_Spine-Matrix-animation-input"/>
        <input semantic="OUTPUT" source="#mixamorig_Spine-Matrix-animation-output-transform"/>
        <input semantic="INTERPOLATION" source="#mixamorig_Spine-Interpolations"/>
      </sampler>
      <channel source="#mixamorig_Spine-Matrix-animation-transform" target="mixamorig_Spine/matrix"/>
      <source id="mixamorig_Spine1-Matrix-animation-input">
        <float_array id="mixamorig_Spine1-Matrix-animation-input-array" count="20">

0.000000 0.033333 0.066667 0.100000 0.133333 0.166667 0.200000 0.233333 0.266667 0.300000 0.333333 0.366667 0.400000 0.433333 0.466667 0.500000
0.533333 0.566667 0.600000 0.633333</float_array>
        <technique_common>
          <accessor source="#mixamorig_Spine1-Matrix-animation-input-array" count="20">
            <param name="TIME" type="float"/>
          </accessor>
        </technique_common>
      </source>
      <source id="mixamorig_Spine1-Matrix-animation-output-transform">
        <float_array id="mixamorig_Spine1-Matrix-animation-output-transform-array" count="320">

0.999920 0.006001 -0.011122 0.000000 -0.007405 0.991383 -0.130786 0.101900 0.010241 0.130858 0.991348 0.000000 0.000000 0.000000 0.000000 1.000000
0.999695 0.024678 0.001281 0.000000 -0.024357 0.992803 -0.117257 0.101900 -0.004166 0.117190 0.993101 0.000000 0.000000 0.000000 0.000000 1.000000
0.999111 0.040744 0.010781 -0.000000 -0.039548 0.994752 -0.094367 0.101900 -0.014570 0.093857 0.995479 0.000000 0.000000 0.000000 0.000000 1.000000
0.998781 0.047146 0.014627 0.000000 -0.046096 0.996801 -0.065286 0.101900 -0.017658 0.064532 0.997759 0.000000 0.000000 0.000000 0.000000 1.000000
0.999112 0.040318 0.012195 0.000000 -0.039737 0.998215 -0.044592 0.101900 -0.013971 0.044068 0.998931 0.000000 0.000000 0.000000 0.000000 1.000000
0.999661 0.025411 0.005604 0.000000 -0.025110 0.998512 -0.048397 0.101900 -0.006826 0.048240 0.998812 0.000000 0.000000 0.000000 0.000000 1.000000
0.999903 0.013694 -0.002390 0.000000 -0.013835 0.997048 -0.075526 0.101900 0.001348 0.075552 0.997141 -0.000000 0.000000 0.000000 0.000000 1.000000
0.999879 0.011728 -0.010195 -0.000000 -0.012759 0.994084 -0.107865 0.101900 0.008869 0.107982 0.994113 0.000000 0.000000 0.000000 0.000000 1.000000
0.999747 0.014292 -0.017381 0.000000 -0.016406 0.991604 -0.128269 0.101900 0.015402 0.128522 0.991587 0.000000 0.000000 0.000000 0.000000 1.000000
0.999649 0.010403 -0.024378 -0.000000 -0.013517 0.991254 -0.131274 0.101900 0.022799 0.131557 0.991046 0.000000 0.000000 0.000000 0.000000 1.000000
0.999461 -0.004814 -0.032477 0.000000 0.000939 0.992978 -0.118292 0.101900 0.032818 0.118198 0.992448 -0.000000 0.000000 0.000000 0.000000 1.000000
0.998774 -0.025253 -0.042567 0.000000 0.021315 0.995664 -0.090551 0.101900 0.044669 0.089533 0.994982 0.000000 0.000000 0.000000 0.000000 1.000000
0.997802 -0.039533 -0.053176 0.000000 0.036683 0.997892 -0.053540 0.101900 0.055181 0.051471 0.997149 -0.000000 0.000000 0.000000 0.000000 1.000000
0.997323 -0.040729 -0.060730 0.000000 0.039270 0.998915 -0.025037 0.101900 0.061684 0.022585 0.997840 0.000000 0.000000 0.000000 0.000000 1.000000
0.997547 -0.031800 -0.062364 0.000000 0.030329 0.999242 -0.024396 0.101900 0.063092 0.022444 0.997755 0.000000 0.000000 0.000000 0.000000 1.000000
0.998075 -0.022210 -0.057913 -0.000000 0.019202 0.998463 -0.051992 0.101900 0.058979 0.050780 0.996967 0.000000 0.000000 0.000000 0.000000 1.000000
0.998637 -0.018031 -0.048981 -0.000000 0.013567 0.995851 -0.089980 0.101900 0.050400 0.089193 0.994738 0.000000 0.000000 0.000000 0.000000 1.000000
0.999174 -0.016143 -0.037286 -0.000000 0.011569 0.992730 -0.119801 0.101900 0.038949 0.119271 0.992097 -0.000000 0.000000 0.000000 0.000000 1.000000
0.999661 -0.009438 -0.024268 0.000000 0.006121 0.991061 -0.133265 0.101900 0.025309 0.133072 0.990783 0.000000 0.000000 0.000000 0.000000 1.000000
0.999920 0.006001 -0.011122 -0.000000 -0.007405 0.991383 -0.130786 0.101900 0.010241 0.130858 0.991348 0.000000 0.000000 0.000000 0.000000 1.000000</float_array>
        <technique_common>
          <accessor source="#mixamorig_Spine1-Matrix-animation-output-transform-array" count="20" stride="16">
            <param type="float4x4"/>
          </accessor>
        </technique_common>
      </source>
      <source id="mixamorig_Spine1-Interpolations">
        <Name_array id="mixamorig_Spine1-Interpolations-array" count="20">
 LINEAR LINEAR LINEAR LINEAR LINEAR LINEAR LINEAR LINEAR LINEAR LINEAR LINEAR
LINEAR LINEAR LINEAR LINEAR LINEAR LINEAR LINEAR LINEAR LINEAR</Name_array>
        <technique_common>
          <accessor source="#mixamorig_Spine1-Interpolations-array" count="20">
            <param type="name"/>
          </accessor>
        </technique_common>
      </source>
      <sampler id="mixamorig_Spine1-Matrix-animation-transform">
        <input semantic="INPUT" source="#mixamorig_Spine1-Matrix-animation-input"/>
        <input semantic="OUTPUT" source="#mixamorig_Spine1-Matrix-animation-output-transform"/>
        <input semantic="INTERPOLATION" source="#mixamorig_Spine1-Interpolations"/>
      </sampler>
      <channel source="#mixamorig_Spine1-Matrix-animation-transform" target="mixamorig_Spine1/matrix"/>
      <source id="mixamorig_Spine2-Matrix-animation-input">
        <float_array id="mixamorig_Spine2-Matrix-animation-input-array" count="20">

0.000000 0.033333 0.066667 0.100000 0.133333 0.166667 0.200000 0.233333 0.266667 0.300000 0.333333 0.366667 0.400000 0.433333 0.466667 0.500000
0.533333 0.566667 0.600000 0.633333</float_array>
        <technique_common>
          <accessor source="#mixamorig_Spine2-Matrix-animation-input-array" count="20">
            <param name="TIME" type="float"/>
          </accessor>
        </technique_common>
      </source>
      <source id="mixamorig_Spine2-Matrix-animation-output-transform">
        <float_array id="mixamorig_Spine2-Matrix-animation-output-transform-array" count="320">

0.999835 0.000496 -0.018154 0.000000 -0.005313 0.963873 -0.266310 0.116500 0.017366 0.266362 0.963717 -0.000000 0.000000 0.000000 0.000000 1.000000
0.999772 0.020440 -0.006164 0.000000 -0.021335 0.967134 -0.253370 0.116500 0.000783 0.253444 0.967350 0.000000 0.000000 0.000000 0.000000 1.000000
0.999287 0.037705 0.002037 -0.000000 -0.036214 0.972248 -0.231135 0.116500 -0.010696 0.230896 0.972920 0.000000 0.000000 0.000000 0.000000 1.000000
0.998982 0.044858 0.004715 0.000000 -0.042973 0.978309 -0.202644 0.116500 -0.013703 0.202235 0.979241 0.000000 0.000000 0.000000 0.000000 1.000000
0.999274 0.038007 0.002539 0.000000 -0.036908 0.982553 -0.182285 0.116500 -0.009423 0.182059 0.983242 0.000000 0.000000 0.000000 0.000000 1.000000
0.999748 0.022343 -0.002246 0.000000 -0.022371 0.982295 -0.186001 0.116500 -0.001949 0.186004 0.982547 0.000000 0.000000 0.000000 0.000000 1.000000
0.999919 0.009539 -0.008466 0.000000 -0.011121 0.977086 -0.212554 0.116500 0.006245 0.212631 0.977113 0.000000 0.000000 0.000000 0.000000 1.000000
0.999849 0.006548 -0.016080 0.000000 -0.010275 0.969708 -0.244052 0.116500 0.013995 0.244181 0.969629 0.000000 0.000000 0.000000 0.000000 1.000000
0.999665 0.008237 -0.024547 0.000000 -0.014424 0.964489 -0.263728 0.116500 0.021503 0.263993 0.964285 0.000000 0.000000 0.000000 0.000000 1.000000
0.999461 0.003511 -0.032643 0.000000 -0.012085 0.963794 -0.266373 0.116500 0.030526 0.266624 0.963317 -0.000000 0.000000 0.000000 0.000000 1.000000
0.999134 -0.012682 -0.039620 0.000000 0.002223 0.967318 -0.253558 0.116500 0.041540 0.253250 0.966509 0.000000 0.000000 0.000000 0.000000 1.000000
0.998358 -0.034484 -0.045743 -0.000000 0.023256 0.973737 -0.226484 0.116500 0.052352 0.225048 0.972940 0.000000 0.000000 0.000000 0.000000 1.000000
0.997391 -0.050553 -0.051541 0.000000 0.039883 0.980913 -0.190311 0.116500 0.060178 0.187758 0.980370 -0.000000 0.000000 0.000000 0.000000 1.000000
0.996964 -0.053288 -0.056768 0.000000 0.043444 0.985774 -0.162365 0.116500 0.064613 0.159406 0.985096 0.000000 0.000000 0.000000 0.000000 1.000000
0.997195 -0.044648 -0.060071 -0.000000 0.034418 0.986242 -0.161685 0.116500 0.066463 0.159164 0.985013 0.000000 0.000000 0.000000 0.000000 1.000000
0.997648 -0.033897 -0.059574 0.000000 0.022097 0.981806 -0.188594 0.116500 0.064883 0.186834 0.980246 0.000000 0.000000 0.000000 0.000000 1.000000
0.998145 -0.027863 -0.054129 0.000000 0.014954 0.974090 -0.225668 0.116500 0.059014 0.224440 0.972699 -0.000000 0.000000 0.000000 0.000000 1.000000
0.998730 -0.024237 -0.044161 -0.000000 0.012192 0.966881 -0.254935 0.116500 0.048877 0.254073 0.965949 -0.000000 0.000000 0.000000 0.000000 1.000000
0.999374 -0.016145 -0.031464 0.000000 0.007112 0.963282 -0.268399 0.116500 0.034642 0.268008 0.962794 -0.000000 0.000000 0.000000 0.000000 1.000000
0.999835 0.000496 -0.018154 0.000000 -0.005313 0.963873 -0.266310 0.116500 0.017366 0.266362 0.963716 0.000000 0.000000 0.000000 0.000000 1.000000</float_array>
        <technique_common>
          <accessor source="#mixamorig_Spine2-Matrix-animation-output-transform-array" count="20" stride="16">
            <param type="float4x4"/>
          </accessor>
        </technique_common>
      </source>
      <source id="mixamorig_Spine2-Interpolations">
        <Name_array id="mixamorig_Spine2-Interpolations-array" count="20">
 LINEAR LINEAR LINEAR LINEAR LINEAR LINEAR LINEAR LINEAR LINEAR LINEAR LINEAR
LINEAR LINEAR LINEAR LINEAR LINEAR LINEAR LINEAR LINEAR LINEAR</Name_array>
        <technique_common>
          <accessor source="#mixamorig_Spine2-Interpolations-array" count="20">
            <param type="name"/>
          </accessor>
        </technique_common>
      </source>
      <sampler id="mixamorig_Spine2-Matrix-animation-transform">
        <input semantic="INPUT" source="#mixamorig_Spine2-Matrix-animation-input"/>
        <input semantic="OUTPUT" source="#mixamorig_Spine2-Matrix-animation-output-transform"/>
        <input semantic="INTERPOLATION" source="#mixamorig_Spine2-Interpolations"/>
      </sampler>
      <channel source="#mixamorig_Spine2-Matrix-animation-transform" target="mixamorig_Spine2/matrix"/>
      <source id="mixamorig_Neck-Matrix-animation-input">
        <float_array id="mixamorig_Neck-Matrix-animation-input-array" count="20">

0.000000 0.033333 0.066667 0.100000 0.133333 0.166667 0.200000 0.233333 0.266667 0.300000 0.333333 0.366667 0.400000 0.433333 0.466667 0.500000
0.533333 0.566667 0.600000 0.633333</float_array>
        <technique_common>
          <accessor source="#mixamorig_Neck-Matrix-animation-input-array" count="20">
            <param name="TIME" type="float"/>
          </accessor>
        </technique_common>
      </source>
      <source id="mixamorig_Neck-Matrix-animation-output-transform">
        <float_array id="mixamorig_Neck-Matrix-animation-output-transform-array" count="320">

0.994673 -0.096132 -0.037197 0.000000 0.102948 0.908375 0.405286 0.131100 -0.005172 -0.406956 0.913433 0.000000 0.000000 0.000000 0.000000 1.000000
0.990861 -0.115662 -0.069402 0.000000 0.133216 0.919853 0.368949 0.131100 0.021166 -0.374823 0.926855 -0.000000 0.000000 0.000000 0.000000 1.000000
0.983987 -0.147080 -0.100680 0.000000 0.170544 0.941093 0.291990 0.131100 0.051803 -0.304484 0.951108 -0.000000 0.000000 0.000000 0.000000 1.000000
0.975839 -0.180725 -0.122791 0.000000 0.201876 0.960743 0.190313 0.131100 0.083576 -0.210504 0.974014 -0.000000 0.000000 0.000000 0.000000 1.000000
0.971214 -0.199927 -0.129512 -0.000000 0.214592 0.970339 0.111323 0.131100 0.103414 -0.135911 0.985309 0.000000 0.000000 0.000000 0.000000 1.000000
0.973280 -0.195340 -0.120697 0.000000 0.207759 0.972993 0.100602 0.131100 0.097785 -0.122990 0.987579 0.000000 0.000000 0.000000 0.000000 1.000000
0.978940 -0.176524 -0.102542 0.000000 0.191228 0.968762 0.157898 0.131100 0.071466 -0.174182 0.982117 0.000000 0.000000 0.000000 0.000000 1.000000
0.983467 -0.160465 -0.083926 -0.000000 0.176484 0.953152 0.245671 0.131100 0.040572 -0.256421 0.965713 -0.000000 0.000000 0.000000 0.000000 1.000000
0.985926 -0.152495 -0.068524 -0.000000 0.166561 0.931294 0.323959 0.131100 0.014414 -0.330813 0.943586 0.000000 0.000000 0.000000 0.000000 1.000000
0.988241 -0.144158 -0.050972 0.000000 0.152788 0.917953 0.366085 0.131100 -0.005984 -0.369568 0.929184 -0.000000 0.000000 0.000000 0.000000 1.000000
0.991858 -0.124974 -0.024480 0.000000 0.125426 0.925389 0.357665 0.131100 -0.022045 -0.357823 0.933529 0.000000 0.000000 0.000000 0.000000 1.000000
0.995652 -0.092704 0.009126 0.000000 0.085776 0.950608 0.298306 0.131100 -0.036329 -0.296226 0.954427 0.000000 0.000000 0.000000 0.000000 1.000000
0.997616 -0.056761 0.039261 -0.000000 0.047158 0.975976 0.212712 0.131100 -0.050392 -0.210354 0.976326 -0.000000 0.000000 0.000000 0.000000 1.000000
0.997906 -0.033675 0.055223 0.000000 0.024998 0.988235 0.150884 0.131100 -0.059654 -0.149188 0.987008 -0.000000 0.000000 0.000000 0.000000 1.000000
0.997992 -0.033721 0.053611 0.000000 0.025298 0.988261 0.150666 0.131100 -0.058062 -0.149007 0.987130 -0.000000 0.000000 0.000000 0.000000 1.000000
0.997944 -0.050737 0.039150 0.000000 0.041694 0.977954 0.204615 0.131100 -0.048669 -0.202562 0.978059 0.000000 0.000000 0.000000 0.000000 1.000000
0.997342 -0.070009 0.020198 0.000000 0.061603 0.958193 0.279413 0.131100 -0.038915 -0.277426 0.959959 0.000000 0.000000 0.000000 0.000000 1.000000
0.996553 -0.082934 0.002126 0.000000 0.077051 0.934750 0.346851 0.131100 -0.030753 -0.345492 0.937918 0.000000 0.000000 0.000000 0.000000 1.000000
0.995797 -0.090228 -0.015729 0.000000 0.089177 0.916021 0.391092 0.131100 -0.020879 -0.390851 0.920217 -0.000000 0.000000 0.000000 0.000000 1.000000
0.994673 -0.096132 -0.037197 0.000000 0.102948 0.908375 0.405286 0.131100 -0.005172 -0.406957 0.913433 0.000000 0.000000 0.000000 0.000000 1.000000</float_array>
        <technique_common>
          <accessor source="#mixamorig_Neck-Matrix-animation-output-transform-array" count="20" stride="16">
            <param type="float4x4"/>
          </accessor>
        </technique_common>
      </source>
      <source id="mixamorig_Neck-Interpolations">
        <Name_array id="mixamorig_Neck-Interpolations-array" count="20">
 LINEAR LINEAR LINEAR LINEAR LINEAR LINEAR LINEAR LINEAR LINEAR LINEAR LINEAR
LINEAR LINEAR LINEAR LINEAR LINEAR LINEAR LINEAR LINEAR LINEAR</Name_array>
        <technique_common>
          <accessor source="#mixamorig_Neck-Interpolations-array" count="20">
            <param type="name"/>
          </accessor>
        </technique_common>
      </source>
      <sampler id="mixamorig_Neck-Matrix-animation-transform">
        <input semantic="INPUT" source="#mixamorig_Neck-Matrix-animation-input"/>
        <input semantic="OUTPUT" source="#mixamorig_Neck-Matrix-animation-output-transform"/>
        <input semantic="INTERPOLATION" source="#mixamorig_Neck-Interpolations"/>
      </sampler>
      <channel source="#mixamorig_Neck-Matrix-animation-transform" target="mixamorig_Neck/matrix"/>
      <source id="mixamorig_Head-Matrix-animation-input">
        <float_array id="mixamorig_Head-Matrix-animation-input-array" count="20">

0.000000 0.033333 0.066667 0.100000 0.133333 0.166667 0.200000 0.233333 0.266667 0.300000 0.333333 0.366667 0.400000 0.433333 0.466667 0.500000
0.533333 0.566667 0.600000 0.633333</float_array>
        <technique_common>
          <accessor source="#mixamorig_Head-Matrix-animation-input-array" count="20">
            <param name="TIME" type="float"/>
          </accessor>
        </technique_common>
      </source>
      <source id="mixamorig_Head-Matrix-animation-output-transform">
        <float_array id="mixamorig_Head-Matrix-animation-output-transform-array" count="320">

0.999998 0.002015 0.000528 0.000000 -0.001745 0.671800 0.740731 0.154700 0.001138 -0.740730 0.671802 0.041400 0.000000 0.000000 0.000000 1.000000
0.999330 -0.005984 -0.036095 -0.000000 0.030557 0.679092 0.733417 0.154700 0.020123 -0.734029 0.678820 0.041400 0.000000 0.000000 0.000000 1.000000
0.997694 -0.008861 -0.067288 0.000000 0.055074 0.685081 0.726382 0.154700 0.039661 -0.728413 0.683989 0.041400 0.000000 0.000000 0.000000 1.000000
0.996423 -0.004242 -0.084401 -0.000000 0.063801 0.692684 0.718413 0.154700 0.055416 -0.721228 0.690477 0.041400 0.000000 0.000000 0.000000 1.000000
0.996601 0.004882 -0.082232 0.000000 0.055327 0.699914 0.712081 0.154700 0.061032 -0.714210 0.697265 0.041400 0.000000 0.000000 0.000000 1.000000
0.997888 0.010069 -0.064171 -0.000000 0.038662 0.701794 0.711330 0.154700 0.052198 -0.712309 0.699922 0.041400 0.000000 0.000000 0.000000 1.000000
0.999158 0.006240 -0.040556 0.000000 0.024692 0.697976 0.715696 0.154700 0.032773 -0.716094 0.697234 0.041400 0.000000 0.000000 0.000000 1.000000
0.999784 -0.001648 -0.020718 0.000000 0.016072 0.693341 0.720431 0.154700 0.013177 -0.720608 0.693218 0.041400 0.000000 0.000000 0.000000 1.000000
0.999975 -0.004421 -0.005573 0.000000 0.007083 0.691078 0.722745 0.154700 0.000656 -0.722766 0.691092 0.041400 0.000000 0.000000 0.000000 1.000000
0.999926 0.000937 0.012157 0.000000 -0.009454 0.689168 0.724540 0.154700 -0.007700 -0.724601 0.689126 0.041400 0.000000 0.000000 0.000000 1.000000
0.999159 0.010550 0.039617 0.000000 -0.036048 0.686357 0.726371 0.154700 -0.019528 -0.727188 0.686160 0.041400 0.000000 0.000000 0.000000 1.000000
0.997033 0.020304 0.074251 0.000000 -0.067749 0.689390 0.721216 0.154700 -0.036544 -0.724106 0.688720 0.041400 0.000000 0.000000 0.000000 1.000000
0.994298 0.027776 0.102953 -0.000000 -0.092477 0.705308 0.702843 0.154700 -0.053091 -0.708356 0.703856 0.041400 0.000000 0.000000 0.000000 1.000000
0.993202 0.029923 0.112491 0.000000 -0.098972 0.725765 0.680786 0.154700 -0.061270 -0.687292 0.723793 0.041400 0.000000 0.000000 0.000000 1.000000
0.994535 0.025767 0.101174 0.000000 -0.087582 0.733395 0.674137 0.154700 -0.056830 -0.679314 0.731644 0.041400 0.000000 0.000000 0.000000 1.000000
0.996623 0.019641 0.079725 0.000000 -0.069255 0.722691 0.687693 0.154700 -0.044109 -0.690893 0.721611 0.041400 0.000000 0.000000 0.000000 1.000000
0.998055 0.015898 0.060278 0.000000 -0.054025 0.703024 0.709112 0.154700 -0.031103 -0.710989 0.702515 0.041400 0.000000 0.000000 0.000000 1.000000
0.998891 0.013393 0.045148 0.000000 -0.042038 0.685722 0.726649 0.154700 -0.021227 -0.727741 0.685524 0.041400 0.000000 0.000000 0.000000 1.000000
0.999578 0.008942 0.027637 -0.000000 -0.026419 0.675371 0.737005 0.154700 -0.012074 -0.737424 0.675322 0.041400 0.000000 0.000000 0.000000 1.000000
0.999998 0.002015 0.000528 0.000000 -0.001745 0.671800 0.740731 0.154700 0.001138 -0.740730 0.671802 0.041400 0.000000 0.000000 0.000000 1.000000</float_array>
        <technique_common>
          <accessor source="#mixamorig_Head-Matrix-animation-output-transform-array" count="20" stride="16">
            <param type="float4x4"/>
          </accessor>
        </technique_common>
      </source>
      <source id="mixamorig_Head-Interpolations">
        <Name_array id="mixamorig_Head-Interpolations-array" count="20">
 LINEAR LINEAR LINEAR LINEAR LINEAR LINEAR LINEAR LINEAR LINEAR LINEAR LINEAR
LINEAR LINEAR LINEAR LINEAR LINEAR LINEAR LINEAR LINEAR LINEAR</Name_array>
        <technique_common>
          <accessor source="#mixamorig_Head-Interpolations-array" count="20">
            <param type="name"/>
          </accessor>
        </technique_common>
      </source>
      <sampler id="mixamorig_Head-Matrix-animation-transform">
        <input semantic="INPUT" source="#mixamorig_Head-Matrix-animation-input"/>
        <input semantic="OUTPUT" source="#mixamorig_Head-Matrix-animation-output-transform"/>
        <input semantic="INTERPOLATION" source="#mixamorig_Head-Interpolations"/>
      </sampler>
      <channel source="#mixamorig_Head-Matrix-animation-transform" target="mixamorig_Head/matrix"/>
      <source id="mixamorig_LeftShoulder-Matrix-animation-input">
        <float_array id="mixamorig_LeftShoulder-Matrix-animation-input-array" count="20">

0.000000 0.033333 0.066667 0.100000 0.133333 0.166667 0.200000 0.233333 0.266667 0.300000 0.333333 0.366667 0.400000 0.433333 0.466667 0.500000
0.533333 0.566667 0.600000 0.633333</float_array>
        <technique_common>
          <accessor source="#mixamorig_LeftShoulder-Matrix-animation-input-array" count="20">
            <param name="TIME" type="float"/>
          </accessor>
        </technique_common>
      </source>
      <source id="mixamorig_LeftShoulder-Matrix-animation-output-transform">
        <float_array id="mixamorig_LeftShoulder-Matrix-animation-output-transform-array" count="320">

-0.204662 0.965848 -0.158906 0.052200 0.026985 -0.156713 -0.987275 0.095100 -0.978461 -0.206345 0.006010 -0.002200 0.000000 0.000000 0.000000 1.000000
-0.202872 0.967512 -0.150879 0.052200 0.025025 -0.148910 -0.988534 0.095100 -0.978885 -0.204322 0.005998 -0.002200 0.000000 0.000000 0.000000 1.000000
-0.196581 0.969504 -0.146351 0.052200 0.023923 -0.144476 -0.989219 0.095100 -0.980196 -0.197963 0.005208 -0.002200 0.000000 0.000000 0.000000 1.000000
-0.187707 0.970779 -0.149515 0.052200 0.024678 -0.147511 -0.988752 0.095100 -0.981915 -0.189286 0.003732 -0.002200 0.000000 0.000000 0.000000 1.000000
-0.180293 0.970766 -0.158452 0.052200 0.026711 -0.156200 -0.987364 0.095100 -0.983250 -0.182247 0.002232 -0.002200 0.000000 0.000000 0.000000 1.000000
-0.178563 0.970043 -0.164715 0.052200 0.028119 -0.162306 -0.986340 0.095100 -0.983527 -0.180756 0.001706 -0.002200 0.000000 0.000000 0.000000 1.000000
-0.183206 0.969585 -0.162298 0.052200 0.027626 -0.159950 -0.986739 0.095100 -0.982686 -0.185260 0.002518 -0.002200 0.000000 0.000000 0.000000 1.000000
-0.190121 0.969456 -0.154951 0.052200 0.025957 -0.152811 -0.987914 0.095100 -0.981418 -0.191845 0.003889 -0.002200 0.000000 0.000000 0.000000 1.000000
-0.193886 0.969283 -0.151323 0.052200 0.025096 -0.149299 -0.988474 0.095100 -0.980703 -0.195449 0.004622 -0.002200 0.000000 0.000000 0.000000 1.000000
-0.193144 0.968947 -0.154393 0.052200 0.025840 -0.152278 -0.988000 0.095100 -0.980830 -0.194816 0.004374 -0.002200 0.000000 0.000000 0.000000 1.000000
-0.192362 0.968153 -0.160238 0.052200 0.027236 -0.157958 -0.987070 0.095100 -0.980946 -0.194239 0.004017 -0.002200 0.000000 0.000000 0.000000 1.000000
-0.197136 0.966209 -0.166064 0.052200 0.028644 -0.163639 -0.986104 0.095100 -0.979958 -0.199153 0.004583 -0.002200 0.000000 0.000000 0.000000 1.000000
-0.206901 0.962910 -0.173197 0.052200 0.030469 -0.170599 -0.984869 0.095100 -0.977887 -0.209047 0.005958 -0.002200 0.000000 0.000000 0.000000 1.000000
-0.213822 0.959899 -0.181309 0.052200 0.032618 -0.178483 -0.983402 0.095100 -0.976328 -0.216187 0.006853 -0.002200 0.000000 0.000000 0.000000 1.000000
-0.211045 0.959732 -0.185405 0.052200 0.033595 -0.182444 -0.982642 0.095100 -0.976899 -0.213610 0.006262 -0.002200 0.000000 0.000000 0.000000 1.000000
-0.201305 0.962541 -0.181636 0.052200 0.032464 -0.178774 -0.983354 0.095100 -0.978991 -0.203851 0.004740 -0.002200 0.000000 0.000000 0.000000 1.000000
-0.194438 0.965567 -0.172839 0.052200 0.030271 -0.170211 -0.984943 0.095100 -0.980448 -0.196742 0.003867 -0.002200 0.000000 0.000000 0.000000 1.000000
-0.196011 0.966599 -0.165124 0.052200 0.028459 -0.162712 -0.986263 0.095100 -0.980189 -0.198018 0.004385 -0.002200 0.000000 0.000000 0.000000 1.000000
-0.201972 0.966062 -0.161035 0.052200 0.027493 -0.158766 -0.986933 0.095100 -0.979005 -0.203760 0.005506 -0.002200 0.000000 0.000000 0.000000 1.000000
-0.204661 0.965848 -0.158906 0.052200 0.026985 -0.156713 -0.987275 0.095100 -0.978461 -0.206345 0.006010 -0.002200 0.000000 0.000000 0.000000 1.000000</float_array>
        <technique_common>
          <accessor source="#mixamorig_LeftShoulder-Matrix-animation-output-transform-array" count="20" stride="16">
            <param type="float4x4"/>
          </accessor>
        </technique_common>
      </source>
      <source id="mixamorig_LeftShoulder-Interpolations">
        <Name_array id="mixamorig_LeftShoulder-Interpolations-array" count="20">
 LINEAR LINEAR LINEAR LINEAR LINEAR LINEAR LINEAR LINEAR LINEAR LINEAR LINEAR
LINEAR LINEAR LINEAR LINEAR LINEAR LINEAR LINEAR LINEAR LINEAR</Name_array>
        <technique_common>
          <accessor source="#mixamorig_LeftShoulder-Interpolations-array" count="20">
            <param type="name"/>
          </accessor>
        </technique_common>
      </source>
      <sampler id="mixamorig_LeftShoulder-Matrix-animation-transform">
        <input semantic="INPUT" source="#mixamorig_LeftShoulder-Matrix-animation-input"/>
        <input semantic="OUTPUT" source="#mixamorig_LeftShoulder-Matrix-animation-output-transform"/>
        <input semantic="INTERPOLATION" source="#mixamorig_LeftShoulder-Interpolations"/>
      </sampler>
      <channel source="#mixamorig_LeftShoulder-Matrix-animation-transform" target="mixamorig_LeftShoulder/matrix"/>
      <source id="mixamorig_LeftArm-Matrix-animation-input">
        <float_array id="mixamorig_LeftArm-Matrix-animation-input-array" count="20">

0.000000 0.033333 0.066667 0.100000 0.133333 0.166667 0.200000 0.233333 0.266667 0.300000 0.333333 0.366667 0.400000 0.433333 0.466667 0.500000
0.533333 0.566667 0.600000 0.633333</float_array>
        <technique_common>
          <accessor source="#mixamorig_LeftArm-Matrix-animation-input-array" count="20">
            <param name="TIME" type="float"/>
          </accessor>
        </technique_common>
      </source>
      <source id="mixamorig_LeftArm-Matrix-animation-output-transform">
        <float_array id="mixamorig_LeftArm-Matrix-animation-output-transform-array" count="320">

0.689640 -0.047510 0.722592 0.000000 0.525553 0.719314 -0.454293 0.127900 -0.498187 0.693059 0.521037 0.000000 0.000000 0.000000 0.000000 1.000000
0.689269 0.003321 0.724498 -0.000000 0.495785 0.727023 -0.475010 0.127900 -0.528305 0.686605 0.499468 0.000000 0.000000 0.000000 0.000000 1.000000
0.680868 0.061263 0.729840 0.000000 0.452168 0.748753 -0.484678 0.127900 -0.576163 0.660012 0.482101 -0.000000 0.000000 0.000000 0.000000 1.000000
0.666756 0.123090 0.735041 0.000000 0.402539 0.770551 -0.494180 0.127900 -0.627215 0.625380 0.464221 0.000000 0.000000 0.000000 0.000000 1.000000
0.660637 0.163415 0.732704 -0.000000 0.372315 0.776204 -0.508812 0.127900 -0.651875 0.608936 0.451947 0.000000 0.000000 0.000000 0.000000 1.000000
0.673341 0.154584 0.722991 0.000000 0.383076 0.763446 -0.520003 0.127900 -0.632349 0.627099 0.454842 0.000000 0.000000 0.000000 0.000000 1.000000
0.688774 0.104199 0.717449 -0.000000 0.426836 0.741631 -0.517488 0.127900 -0.586004 0.662665 0.466340 0.000000 0.000000 0.000000 0.000000 1.000000
0.685793 0.039082 0.726746 0.000000 0.478359 0.728363 -0.490571 0.127900 -0.548507 0.684076 0.480811 0.000000 0.000000 0.000000 0.000000 1.000000
0.668390 -0.026103 0.743352 0.000000 0.519880 0.731133 -0.441779 0.127900 -0.531958 0.681735 0.502253 0.000000 0.000000 0.000000 0.000000 1.000000
0.656960 -0.072907 0.750392 -0.000000 0.545121 0.733500 -0.405981 0.127900 -0.520814 0.675768 0.521623 0.000000 0.000000 0.000000 0.000000 1.000000
0.662821 -0.072108 0.745297 0.000000 0.551337 0.720492 -0.420617 0.127900 -0.506651 0.689704 0.517314 -0.000000 0.000000 0.000000 0.000000 1.000000
0.678760 -0.016273 0.734180 0.000000 0.536982 0.692968 -0.481089 0.127900 -0.500934 0.720785 0.479097 0.000000 0.000000 0.000000 0.000000 1.000000
0.691081 0.061623 0.720145 0.000000 0.511914 0.661650 -0.547872 0.127900 -0.510246 0.747276 0.425708 0.000000 0.000000 0.000000 0.000000 1.000000
0.693239 0.120644 0.710538 0.000000 0.487995 0.646927 -0.585958 0.127900 -0.530358 0.752948 0.389601 0.000000 0.000000 0.000000 0.000000 1.000000
0.687910 0.140676 0.712033 -0.000000 0.470661 0.660337 -0.585178 0.127900 -0.552502 0.737676 0.388041 -0.000000 0.000000 0.000000 0.000000 1.000000
0.683229 0.118885 0.720461 0.000000 0.467022 0.687324 -0.556305 0.127900 -0.561327 0.716555 0.414078 0.000000 0.000000 0.000000 0.000000 1.000000
0.682496 0.072498 0.727285 0.000000 0.479431 0.706670 -0.520349 0.127900 -0.551675 0.703819 0.447542 0.000000 0.000000 0.000000 0.000000 1.000000
0.684184 0.022030 0.728977 0.000000 0.499653 0.713954 -0.490527 0.127900 -0.531262 0.699846 0.477468 -0.000000 0.000000 0.000000 0.000000 1.000000
0.687085 -0.020802 0.726279 -0.000000 0.517399 0.715793 -0.468975 0.127900 -0.510110 0.698002 0.502574 0.000000 0.000000 0.000000 0.000000 1.000000
0.689640 -0.047509 0.722592 0.000000 0.525553 0.719314 -0.454293 0.127900 -0.498187 0.693059 0.521036 0.000000 0.000000 0.000000 0.000000 1.000000</float_array>
        <technique_common>
          <accessor source="#mixamorig_LeftArm-Matrix-animation-output-transform-array" count="20" stride="16">
            <param type="float4x4"/>
          </accessor>
        </technique_common>
      </source>
      <source id="mixamorig_LeftArm-Interpolations">
        <Name_array id="mixamorig_LeftArm-Interpolations-array" count="20">
 LINEAR LINEAR LINEAR LINEAR LINEAR LINEAR LINEAR LINEAR LINEAR LINEAR LINEAR
LINEAR LINEAR LINEAR LINEAR LINEAR LINEAR LINEAR LINEAR LINEAR</Name_array>
        <technique_common>
          <accessor source="#mixamorig_LeftArm-Interpolations-array" count="20">
            <param type="name"/>
          </accessor>
        </technique_common>
      </source>
      <sampler id="mixamorig_LeftArm-Matrix-animation-transform">
        <input semantic="INPUT" source="#mixamorig_LeftArm-Matrix-animation-input"/>
        <input semantic="OUTPUT" source="#mixamorig_LeftArm-Matrix-animation-output-transform"/>
        <input semantic="INTERPOLATION" source="#mixamorig_LeftArm-Interpolations"/>
      </sampler>
      <channel source="#mixamorig_LeftArm-Matrix-animation-transform" target="mixamorig_LeftArm/matrix"/>
      <source id="mixamorig_LeftForeArm-Matrix-animation-input">
        <float_array id="mixamorig_LeftForeArm-Matrix-animation-input-array" count="20">

0.000000 0.033333 0.066667 0.100000 0.133333 0.166667 0.200000 0.233333 0.266667 0.300000 0.333333 0.366667 0.400000 0.433333 0.466667 0.500000
0.533333 0.566667 0.600000 0.633333</float_array>
        <technique_common>
